before,after
UAAGUCAGGCC----AAGAC------GCCACA----CUUCGU-UCCCGCG-U--------UGUGCUGCCUGA------CGCGGGGAC,AAAGUCAGGCCCGUCAAUC---GACGGCCACCGACC-------GUUCUA--A----GGUCGGUGCUGCCUG--------UAGAAUCC
UAAGUCAGGCC----AAGAC------GCCACA----CUUCGU-UCCCGCG-U--------UGUGCUGCCUGA------CGCGGGGAC,CUUGUCAGGCCCUCCCUCG---GGAGGCCACGGGG-C------AAGGA---A-----CCCCGUGCAGCCUGUU-------UCCUUUC
UAAGUCAGGCC----AAGAC------GCCACA----CUUCGU-UCCCGCG-U--------UGUGCUGCCUGA------CGCGGGGAC,AUAGUCAGGCCACG-GAGUUA--CGUGCCACCG----------CGUCUUC-UAC-----CGGUGCUGCCUG-------GAGGAUGGA
UAAGUCAGGCC----AAGAC------GCCACA----CUUCGU-UCCCGCG-U--------UGUGCUGCCUGA------CGCGGGGAC,AAAGUCAGGCCCCUCGUUAA--GAGGGCCACCGCGCAU-----UUCC----C----GCGCGGUGCUGCCUGU---------GGAAAA
UAAGUCAGGCC----AAGAC------GCCACA----CUUCGU-UCCCGCG-U--------UGUGCUGCCUGA------CGCGGGGAC,AAAGUCAGGCCAGG-GAAA----CCUGCCACGGA--A------UAAUCCC-CC-----UCCGUGCUGCCUGU------GGGGUUAAA
UAAGUCAGGCC----AAGAC------GCCACA----CUUCGU-UCCCGCG-U--------UGUGCUGCCUGA------CGCGGGGAC,UUUGUCAGGCCCUCCCUCG---GGAGGCCACUGGG-C------GAGGA---A-----CCCAGUGCAGCCUGUUU------UCUUUCU
UAAGUCAGGCC----AAGAC------GCCACA----CUUCGU-UCCCGCG-U--------UGUGCUGCCUGA------CGCGGGGAC,UUAGUCAGGCCCGCGUACG---UGUGGCUACGGG---------GGGGCC--AA-----CCCGUGCUGCCUGAUCAUU--GGCUCCUG
UAAGUCAGGCC----AAGAC------GCCACA----CUUCGU-UCCCGCG-U--------UGUGCUGCCUGA------CGCGGGGAC,CUUGUCAGGCCUUCCUAUGC--GGAAGCCACCCC--UC-----UGAUGG--U------GGGGUGCAGCCUGUUU-----UCAUCGUU
UAAGUCAGGCC----AAGAC------GCCACA----CUUCGU-UCCCGCG-U--------UGUGCUGCCUGA------CGCGGGGAC,UGAGUCAGGCCAGGCUAAUU--GCCUGCCACGG----------GUAUCCC-AAGA----CCGUGCUGCCUG-------GGGGUGUAA
UAAGUCAGGCC----AAGAC------GCCACA----CUUCGU-UCCCGCG-U--------UGUGCUGCCUGA------CGCGGGGAC,AAUGUCAGGCCUCGCUAAU---GCGAGCCACGGU---------AUUCGGC-A------ACCGUGCAGCCUGA------GCCGAAUUA
UAAGUCAGGCC----AAGAC------GCCACA----CUUCGU-UCCCGCG-U--------UGUGCUGCCUGA------CGCGGGGAC,UCUGUCAGGCCCAUCGACC---GAUGGCCACGAG--CC-----CAAGUG--A------CUCGUGCAGCCUGUUUUC---CACUUGUA
UAAGUCAGGCC----AAGAC------GCCACA----CUUCGU-UCCCGCG-U--------UGUGCUGCCUGA------CGCGGGGAC,UUUGUCAGGCCCAGCUAC----GCUGGCCACUCG--UA-----GGG-----UGA----CGAGUGCAGCCUG-----------UUUUC
UAAGUCAGGCC----AAGAC------GCCACA----CUUCGU-UCCCGCG-U--------UGUGCUGCCUGA------CGCGGGGAC,AUUGUCAGGCCCAUCUAUCC--GAUGGCCACGG----------AAACCG--AAAG----CCGUGCAGCCUGUUCCCC--UGGUUUAA
UAAGUCAGGCC----AAGAC------GCCACA----CUUCGU-UCCCGCG-U--------UGUGCUGCCUGA------CGCGGGGAC,AAAGUCAGGCCACCCGUUG---GGGUGCCACGGCG--------GUUCCU--A-----CGCCGUGCUGCCUGUG------AGGAAUAA
UAAGUCAGGCC----AAGAC------GCCACA----CUUCGU-UCCCGCG-U--------UGUGCUGCCUGA------CGCGGGGAC,AGUGUCAGGCCCGAGGUUA---CUCGGCCACGGU--U------CUUCUU--CAU----AUCGUGCAGCCUGUUU-----AAGAAGUU
UAAGUCAGGCC----AAGAC------GCCACA----CUUCGU-UCCCGCG-U--------UGUGCUGCCUGA------CGCGGGGAC,AAAGUCAGGCCAGAGUCAAU--CUCUGCCACGGG---------UGAGGGC-UAC----CCCGUGCUGCCUGAAG----GCCCUUGAA
UAAGUCAGGCC----AAGAC------GCCACA----CUUCGU-UCCCGCG-U--------UGUGCUGCCUGA------CGCGGGGAC,GAUGUCAGGCCCCAGGCGA---CUGGGCCACCUA--GAA----CUAGUUA-A------UAGGUGCAGCCUGAAAGAG-UGACUGGAA
UAAGUCAGGCC----AAGAC------GCCACA----CUUCGU-UCCCGCG-U--------UGUGCUGCCUGA------CGCGGGGAC,AAAGUCAGGCCAUC-GAAUCG--GAUGCCACGG---GU-----UUUCCAU-G-------CCGUGCUGCCUGUAA----GUGGGAAUA
UAAGUCAGGCC----AAGAC------GCCACA----CUUCGU-UCCCGCG-U--------UGUGCUGCCUGA------CGCGGGGAC,UAAGUCAGGCCAGG-GAUA----CCUGCCACCGG--U------AAAUCC--AGAU---CCGGUGCUGCCUGU-------GGGUUUUU
UAAGUCAGGCC----AAGAC------GCCACA----CUUCGU-UCCCGCG-U--------UGUGCUGCCUGA------CGCGGGGAC,UUUGUCAGGCCCGAGUAUU---CUCGGCCACCCU--UU-----GUGCGG--UA-----AGGGUGCAGCCUGUUUC----CCGUGUUC
UAAGUCAGGCC----AAGAC------GCCACA----CUUCGU-UCCCGCG-U--------UGUGCUGCCUGA------CGCGGGGAC,UUUGUCAGGCCCAGCAAUUC--GCUGGCCACGUC---------AAAACGA-CC-----GACGUGCAGCCUGUUUUU--UCGUUUUUU
UAAGUCAGGCC----AAGAC------GCCACA----CUUCGU-UCCCGCG-U--------UGUGCUGCCUGA------CGCGGGGAC,AAAGUCAGGCCCCACUAAU---GUGGGCCACCCUU-G------CAUUUC--A-----AAGGGUGCUGCCUGUGAAA---GAGAUGAA
UAAGUCAGGCC----AAGAC------GCCACA----CUUCGU-UCCCGCG-U--------UGUGCUGCCUGA------CGCGGGGAC,AAAGUCAGGCCCACCUUUC---GGUGGCCACCGG--CA-----AAUGGG--G------CUGGUGCUGCCUGUAAUA---UCCGUUCG
UAAGUCAGGCC----AAGAC------GCCACA----CUUCGU-UCCCGCG-U--------UGUGCUGCCUGA------CGCGGGGAC,UAUGUCAGGCCCGGGAAUA---CCCGGCCACGG---C------AGAUGGGGA-------CCGUGCAGCCUGUCC---UCCCAUUUUG
UAAGUCAGGCC----AAGAC------GCCACA----CUUCGU-UCCCGCG-U--------UGUGCUGCCUGA------CGCGGGGAC,UUUGUCAGGCCCUCCGUAA---GGAGGCCACCAUC-UG-----GAGCG---U-----GAUGGUGCAGCCUGUUUUUU---CGUUCUU
UAAGUCAGGCC----AAGAC------GCCACA----CUUCGU-UCCCGCG-U--------UGUGCUGCCUGA------CGCGGGGAC,UUUGUCAGGCCUCGCAGAA---GCGAGCCACCC----------GGUGUCA-GUA-----GGGUGCAGCCUGAAAUA--UGACGUUUA
UAAGUCAGGCC----AAGAC------GCCACA----CUUCGU-UCCCGCG-U--------UGUGCUGCCUGA------CGCGGGGAC,AAAGUCAGGCCAGACUAAU---GUCUGCCACCCC---------GCGGGU--CUA----GGGGUGCUGCCUGUAAAUA--GCUCGUCC
UAAGUCAGGCC----AAGAC------GCCACA----CUUCGU-UCCCGCG-U--------UGUGCUGCCUGA------CGCGGGGAC,UUUGUCAGGCCCGC-AUCC----GCGGCCACGAGC-C------UAAUCG--C-----GCUCGUGCAGCCUGUUUUUC--CGAUUAUU
UAAGUCAGGCC----AAGAC------GCCACA----CUUCGU-UCCCGCG-U--------UGUGCUGCCUGA------CGCGGGGAC,UUUGUCAGGCCCUUCUCCG---GAAGGCCACGCG---------GGAAGCG-A------CGCGUGCAGCCUGUUUU---CGUUUUUUA
UAAGUCAGGCC----AAGAC------GCCACA----CUUCGU-UCCCGCG-U--------UGUGCUGCCUGA------CGCGGGGAC,AAAGUCAGGCCCGG-AAAU----CCGGCCACGGC--G------AAACGCAAA------GCCGUGCUGCCUGAAUA--UUGCGUUUAA
UAAGUCAGGCC----AAGAC------GCCACA----CUUCGU-UCCCGCG-U--------UGUGCUGCCUGA------CGCGGGGAC,UUAGUCAGGCCCGUCUUAUU--GAUGGCCACGGUC--------AAACU---UGC---GGCCGUGCUGCCUGU--------GGUUUUU
UAAGUCAGGCC----AAGAC------GCCACA----CUUCGU-UCCCGCG-U--------UGUGCUGCCUGA------CGCGGGGAC,CAAGUCAGGCCGGUGUCACU--CACUGCCACGGGG--------GCUGUAC-A-----CCCCGUGCUGCCUGUU-----GUAUAGUAA
UAAGUCAGGCC----AAGAC------GCCACA----CUUCGU-UCCCGCG-U--------UGUGCUGCCUGA------CGCGGGGAC,AGAGUCAGGCCAU--AAACAAA--AUGCCACGUGU--------GCCGCUCGA-----ACACGUGCUGCCUG------UGAGCGGCAA
UAAGUCAGGCC----AAGAC------GCCACA----CUUCGU-UCCCGCG-U--------UGUGCUGCCUGA------CGCGGGGAC,UAUGUCAGGCCCGC-UUUUU---GCGGCCACGGGG--------GAUCGCG-A-----CCCCGUGCAGCCUGUUUC---CGCGAUUUU
UAAGUCAGGCC----AAGAC------GCCACA----CUUCGU-UCCCGCG-U--------UGUGCUGCCUGA------CGCGGGGAC,UUUGUCAGGCCCAGCAUUUC--GCUGGCCACGUGU--------AAAGGAC-CC----ACACGUGCAGCCUGUUUUCC-GUUCUUUUU
UAAGUCAGGCC----AAGAC------GCCACA----CUUCGU-UCCCGCG-U--------UGUGCUGCCUGA------CGCGGGGAC,AAAGUCAGGCCAGG-GAACUA--CCUGCCACCCUU-A------GUACGG--A-----GAGGGUGCUGCCUGUGAAA---CCGUGUAU
UAAGUCAGGCC----AAGAC------GCCACA----CUUCGU-UCCCGCG-U--------UGUGCUGCCUGA------CGCGGGGAC,AAAGUCAGGCCCGG-AAAUUG--CCGGCCACCGC---------GAUUCAU-UAA----GUGGUGCUGCCUGUGGAAA-AUGGAUUAA
UAAGUCAGGCC----AAGAC------GCCACA----CUUCGU-UCCCGCG-U--------UGUGCUGCCUGA------CGCGGGGAC,UUUGUCAGGCCCGC-UUAGACU-GCGGCCACGGG---------GGUGGG--AG-----CCCGUGCAGCCUGUUUU----CCCAUUAU
UAAGUCAGGCC----AAGAC------GCCACA----CUUCGU-UCCCGCG-U--------UGUGCUGCCUGA------CGCGGGGAC,AAAGUCAGGCCCUCCUUCUU--GGAGGCCACCGA---------GGUGCGA-A------UCGGUGCUGCCUGUAAUA--UUGCGUCCC
UAAGUCAGGCC----AAGAC------GCCACA----CUUCGU-UCCCGCG-U--------UGUGCUGCCUGA------CGCGGGGAC,UUUGUCAGGCCCUC-GUAGUG--GAGGCCACCCCA--------AAAAGGG-AC----UGGGGUGCAGCCUGUUU----UCUUUUUCC
UAAGUCAGGCC----AAGAC------GCCACA----CUUCGU-UCCCGCG-U--------UGUGCUGCCUGA------CGCGGGGAC,AAAGUCAGGCCCCAGGAAA---CUGGGCCACGGUG--------GGGGCGU-A-----CGCCGUGCUGCCUGUGAA---GUGCCCUAA
UAAGUCAGGCC----AAGAC------GCCACA----CUUCGU-UCCCGCG-U--------UGUGCUGCCUGA------CGCGGGGAC,UUUGUCAGGCCCCUCGUUG---GAGGGCCACCGAG--------GAGCGG--A-----CUCGGUGCAGCCUGUUUUCC--CCGUUUUA
UAAGUCAGGCC----AAGAC------GCCACA----CUUCGU-UCCCGCG-U--------UGUGCUGCCUGA------CGCGGGGAC,CAUGUCAGGCCCGCCACAC---GGCGGCCACGAGU--------AAAGGGG-AA----GCUCGUGCAGCCUGUUAAAC-CCUCUUUUU
UAAGUCAGGCC----AAGAC------GCCACA----CUUCGU-UCCCGCG-U--------UGUGCUGCCUGA------CGCGGGGAC,UUUGUCAGGCCCGC-AUUAC---GCGGCCACGGUG-UG-----UUACAG--U-----UACCGUGCAGCCUGUUUCCU--CUGUAAUU
UAAGUCAGGCC----AAGAC------GCCACA----CUUCGU-UCCCGCG-U--------UGUGCUGCCUGA------CGCGGGGAC,UUUGUCAGGCCCGC-UUUU----GCGGCCACGUGCG-------GGGGUG--A----CGUACGUGCAGCCUGUUUU----CGCCCUAU
UAAGUCAGGCC----AAGAC------GCCACA----CUUCGU-UCCCGCG-U--------UGUGCUGCCUGA------CGCGGGGAC,AAAGUCAGGCCCAG-GAGAGA--CUGGCCACGUGU--------UUUGACU-CU----GCGCGUGCUGCCUGUGAAA--AGUUGAAUG
UAAGUCAGGCC----AAGAC------GCCACA----CUUCGU-UCCCGCG-U--------UGUGCUGCCUGA------CGCGGGGAC,AAAGUCAGGCCAGCGAUAUC--CGCUGCCACCCC---------UUAUGCA-CACU---GGGGUGCUGCCUGUGAAGA-UGUGUAAAA
UAAGUCAGGCC----AAGAC------GCCACA----CUUCGU-UCCCGCG-U--------UGUGCUGCCUGA------CGCGGGGAC,CAUGUCAGGCCUACGGCAAA--CGUAGCCACUCCC-A------AAAGCG--AG----GGGAGUGCAGCCUGUUUAAC--CGCUUUCA
CGAGUCAGGCCGCU-AUU-----AGCGCCACG----UACC---CGGGCGGGUG-------CGUGCUGCCUGAAG---UCCGCUCGGA,AAAGUCAGGCCCGG-GAAUG---CCGGCCACGUCCC-------UCUC----U----GGGGCGUGCUGCCUGU---------GAGAAG
CUAGUCAGGCCGACUGGC----GGUUGCUACU----UAU----CCGCCCG-GA-------AGUGCUGCCUGUGCGAA-CGGGCGGUU,UUUGUCAGGCCCAC-CUCG----GUGGCCACGUC---------AAUGG---AUG----GACGUGCAGCCUGUUUUC----CCGUUUC
AGAGUCAGGCCCUG-UAG-----UGGGCUACG----UU-----CCCCGGGUCCG------CGUGCUGCCUGUGC---GCCCGGGGUU,AAAGUCAGGCCAGUGAAAC---CACUGCCACGGC--UAUU---UUUCC---U------GCCGUGCUGCCUGU--------GGAAAAU
UGUGUCAGGCCGG--GAUUA----CCGCUACCG----------GGCCGGCCAU------CGGUGCAGCCUGA-----GGCCGGCCGA,UUUGUCAGGCCCGC-AUUC----GCGGCCACCGUU--------GAAC----AGUAA-AGCGGUGCAGCCUGUUUUU-----GUUUUU
GUAGUCAGGCC----CAUGCCG----GCUACUUUC--------UUGCUCG-AG----GAAGGUGCUGCCUGUU-----CGGGCGGGU,CAUGUCAGGCCCGC-AAUACAA-GCGGCCACGGU---------GGGGGGG-GG-----ACCGUGCAGCCUGAAUA---CUCCUUUUC
AGAGUCAGGCCCA--CCUG-----UGGCCACU----AGU----GGCGGCCGC--------AGUGCUGCCUGUGA---CGGCCGUUCG,AAAGUCAGGCCAGGGUCUU---CCCUGCCACCCA---------GUUACGU-G------UGGGUGCUGCCUGUGAAA--ACGUAAUAA
UGAGUCAGGCCG---UGG-------UGCUACC----G------CCGGGUCCAAUG-----GGUGCUGCCUG------GGGCCCGGGG,AAAGUCAGGCCCGG-UAGUU---CCGGCCACGU---AUUU---UUUCAU--C-------ACGUGCUGCCUGAAUA----GUGAAAUC
GCUGUCAGGCC----CUUCAU-----GCCACCU----------GCCCCCGGGCAGG---GGGUGCAGCCUGUGGCUGCCGGGGGCUG,AAAGUCAGGCCCGGUGAUAA--ACCGGCCACGUCCC-------UUUC----U----GGGGCGUGCUGCCUGU---------GGAAAA
GGAGUCAGGCCUC--CCCCAG---GAGCCACUG---CCG----GGCCGCCUAA------CAGUGCUGCCUGCA----GGGUGGCCUU,AAAGUCAGGCCCGUCAACA---GACGGCCACGCG---------GUUGGC--AA-----CGCGUGCUGCCUGAAA-----GCCAACAA
GGUGUCAGGCC----AUUAUG-----GCCACG----UGCU---GCGGGCCCUUU------UGUGCAGCCUGGCUCCUGGGCCCGCAA,UUAGUCAGGCCACC-GAAAAG--GGUGCCACGU---C------GUAGCGGGG-------ACGUGCUGCCUGAAA---UCCGCUGUAG
CAUGUCAGGCCUAGCAUGG---GCUAGCUACG----GAGCUUCUGUCCGG-G--------CGUGCAGCCUGG------CCGGGCGUG,AAAGUCAGGCCAUGCUAACU--GCGUGCCACUC---GAA----UCGUUC--UAAA----GAGUGCUGCCUGU-------GGGUGAAA
AGAGUCAGGCCGUU-UAUU----GACGCCACU----GGGCUC-GGGGCGGCA--------AGUGCUGCCUGCUCCUUGCCGCCCCCC,UUUGUCAGGCCCA--AAUGG----UGGCCACGUA--C------AGGGA---AC-----UGCGUGCAGCCUGUUUCAC---UCCCUUG
AUUGUCAGGCCC---CACA------GGCCACC----AU-----GCCGCCGGUAGAA----GGUGCAGCCUGA-----UCGGCGGCCG,AAUGUCAGGCCCGGGGCAA---CCCGGCCACUCA---------GUGAGGGGAAG----UGAGUGCAGCCUGGAAAA-CCUCUUGUCC
CGAGUCAGGCCUUA-GUCCC---UGGGCCACG----ACGA---CUCCCU--CGU------CGUGCUGCCUGCUAAG---GGGGAGUG,ACAGUCAGGCCUCG-UGUG----CGAGCCACACCU--------GUGGGGA-UG----AGGUGUGCUGCCUGCUUUGA-UUCCCACUA
CUUGUCAGGCCGGG-UGACUCG-UCUGCCACG----GCCCCU-CGGCGCGCC--------UGUGCAGCCUGC-----GCGCGCUGAU,AUUGUCAGGCCCAU-UCUACU--AUGGCCACAGCG--------GAACGGUGG-----CGCUGUGCAGCCUGAAUUA-CGCCGUUUAU
UUUGUCAGGCCU---CCUUCA----GGCCACU----CAUC---UCUGCGGGGGA------GGUGCAGCCUGAUC---CCCGCGGAAG,AAAGUCAGGCCCGUGAAAC---CACGGCCACCC---GAA----UGUGCG--A-------GGGUGCUGCCUGUGAAA---UGCGUAAA
CGAGUCAGGCCCG--UGAGUAG--CGGCUACAU----------GGGCUCCCUGGC----GUGUGCUGCCUGCA----GGGGGCCUUG,AUAGUCAGGCCCGG-AGUCUAG-CCGGCCACGAG---------UUUUGUG-UUC----CUCGUGCUGCCUGU------CACAAAGUU
GUUGUCAGGCCG---UCGC------UGCUACC----CCCC---CCGCGCCGGU-------GGUGCAGCCUGCC----CGGCGCGGCA,UUUGUCAGGCCCACCGUUC---GGUGGCCACGC---UC-----AAACUG--UCCU----GCGUGCAGCCUGUUUUC---CAGUUUUU
UCAGUCAGGCCC---UCCGGG----GGCUACGC----------CCGUGCGCGG------GCGUGCUGCCUGUUCCAAGCGUGCGGCG,AAAGUCAGGCCAGC-UUUUUU--GCUGCCACUCA---------UUUCUC--UCU----UGAGUGCUGCCUGU-------GGGAAAAA
GAAGUCAGGCC----GGGAUUG----GCUACA-----------GGCCGCCGGGGA-----UGUGCUGCCUG------CGGCGGCCGU,AAAGUCAGGCCUUCGGAUAA--CGAAGCCACGUCU--------AUCCAGC-A-----AGACGUGCUGCCUGAAAUA--GCUGGGUCC
CCUGUCAGGCCU---UUGUGAC---GGCCACU----CAC----UCCCGCGGG--------AGUGCAGCCUGA-----CCGCGGGAUG,CUUGUCAGGCCCAG-UUUCU---CUGGCCACGGC---------UAAGAUG-U------GUCGUGCAGCCUGUUUUC--CAUUUUAUC
GCUGUCAGGCCC---ACCU------GGCUACU----UG-----GGCGAGGCCAUGG----GGUGCAGCCUGAAU---GUCUCGCCAU,AAUGUCAGGCCCGC-UAAAU---GCGGCCACGGA---------GUUCGGUUA------UCCGUGCAGCCUGA-----GGCCGAGUAC
AAUGUCAGGCCC---CACAC-----GGCCACU----G------ACGCACGCACC------AGUGCAGCCUGCUGCGGGCGUGCGUUU,GAUGUCAGGCCGUG-UUAAA---UACGCCACUAUU-AA-----UUCCUG--C-----GGUAGUGCAGCCUGUU------CGGGAGAG
UAUGUCAGGCC----CGUCGGA----GCCACU----CC-----GUGGGCGCGAACG----AGUGCAGCCUGUAGCGCGUGUCCACCC,AAAGUCAGGCCAGGGGUUA---CCCUGCCACGGA--G------CUUUUUCAA------UCCGUGCUGCCUG------UGGGAAAGAA
CCAGUCAGGCCGU--ACGCGA---GCGCCACA----U------CUCGGGGGCCACA----UGUGCUGCCUGGU----CCCCCGGGGC,CGUGUCAGGCCUACGACC----CGUAGCCACUC---AAA----AAGGAC--C-------GAGUGCAGCCUGAA------GUCUUUCC
CGUGUCAGGCCC---CAGGCGC---GGCUACC----AUACG--GCGGCGCGCU-------GGUGCAGCCUGCACACACGCGCCGUCU,AUUGUCAGGCCGUCGAAAU---CGGCGCCACCGAC--------CCGUGUC-A-----GUCGGUGCAGCCUGG------GGCGCGGAA
UCAGUCAGGCCUA--CCG------UGGCCACG----AGA----GGCCGGGGCU-------CGUGCUGCCUGCGGCUCCUCCGGCCUG,AAUGUCAGGCCCAGCUUCC---GCUGGCCACGCUC--------UAUCCCUCC-----GAGCGUGCAGCCUGACUA--GGGGGGUAAA
AGAGUCAGGCC----AAGGAGC----GCUACGC---UGG----UCGCGGCCU-------GCGUGCUGCCUG------GGUCGCGACU,UUUGUCAGGCCCGCCAGUC---GGCGGCCACGAUG--------GAGUGGG-A-----CAUCGUGCAGCCUGUUU----UCCGUUUUU
AUAGUCAGGCCCGG-UCGGGA--CCGGCCACUAA--A------CCGCGCC-C------UUGGUGCUGCCUGGCUACC-GGCGCGGAG,AAAGUCAGGCCCGCGAACC---CGCGGCCACGAG---------AUUUUGACCUC----CUCGUGCUGCCUGAAAAA-GUCGAAGUAA
AGUGUCAGGCCCC--CCUUGU---GGGCUACUG---C------GCCCCUUGUACA----CGGUGCAGCCUGAUGUAACGGGGGGCAC,AUUGUCAGGCCGGUUGUUUA--AACCGCCACCAG--G------GAUGGGUGAC-----CUGGUGCAGCCUGUUUUC-CACUCAUUAA
ACUGUCAGGCCU---AGCAG-----GGCUACG-----------GGGGCCC-UCUCU----UGUGCAGCCUGACGCCU-GGGCCUCCC,CAUGUCAGGCCCUC-UCUA----GAGGCCACGG---G------AUUCG---AACAG---CCGUGCAGCCUGAAAAUA---CGAAUGA
CGUGUCAGGCCU---AUUCAAA---GGCUACAG----------UGGGGGG-CCAC----UUGUGCAGCCUGCGCCGG-CCCCCCGGU,UCUGUCAGGCCCGC-GUUC----GCGGCCACUGCC--------AAAAGC--CAC---GGUAGUGCAGCCUGUUUUAU--GCUUUUUC
GGAGUCAGGCCGCC-AGG-----GGUGCCACG----G------GCCCGCGGACC------UGUGCUGCCUGCC----CCGCGGGUCU,AAAGUCAGGCCCUC-GUAAA---GAGGCCACGCCC--------GGUGGG--AG----GGGCGUGCUGCCUGUGAAU---CCCGUUGU
AGAGUCAGGCC----UCCGCCU----GCCACU----CG-----UGGCGCGCAU-------GGUGCUGCCUGGGUAGCGCGCGCCGCC,UUUGUCAGGCCUCCGGCAU---CGGAGCCACCACA--------GGUACGCGC-----UGUGGUGCAGCCUGGUU---CGCGUGUUAA
CCUGUCAGGCC----UCCUUUG----GCCACGGU--G------CGCCUCCCGG-----GCUGUGCAGCCUGGCC---GGGGGGCGCU,UUUGUCAGGCCCUACUCCG---GUAGGCCACGGCU--------UGUGAGG-U-----AGCCGUGCAGCCUGUUUU---CCUCGUAUU
GUAGUCAGGCCAA--GCGGCUA--UUGCCACCG----------CCCCGUC-GGCUA---UGGUGCUGCCUGAU-----GACGGGGAA,AGAGUCAGGCCCCG-AACAA---CGGGCCACGGGG--------AUACAUGCG-----CUCCGUGCUGCCUGAUAAA-GCAUGUAUAA
UCAGUCAGGCC----CAGCGAU----GCCACU----CGCCG--CGCGCGCGCC-------AGUGCUGCCUGCGA---CGCGCGCGAA,UUUGUCAGGCCCGUGGUUA---CACGGCCACGAUG--------UAAUGGG-U-----CAUCGUGCAGCCUGUUU----UCCGUUAUU
UAUGUCAGGCCU---AAUGUC----GGCUACGU---G------CCGGGGGGUG------ACGUGCAGCCUG------CCCCCCGGUA,AAAGUCAGGCCACGGAUAUC--CCGUGCCACGGGC--------UUUGUUUCU-----GCCCGUGCUGCCUGUGA---GAAACGAAAA
ACUGUCAGGCC----UGCUUCG----GCCACGU---C------CCCUGGCCU-------GCGUGCAGCCUGAG----GGCCGGGGCG,AAAGUCAGGCCAUCGAGUCG--CGAUGCCACUCU--UC-----CGAUC---AAAG---AGAGUGCUGCCUGGUAGA----GAUCGUG
GAUGUCAGGCC----GGCCC------GCCACU----GAC----CGCGGCAGA--------AGUGCAGCCUGCUGGAGUUGUCGCGGU,UUAGUCAGGCCCUCGGAUCG--CGAGGCCACAUAG-U------UGACG---UUA---CUGUGUGCUGCCUGUUCAU----CGUCGUU
GGAGUCAGGCC----UUGAGAA----GCCACA----ACGU---CCCGCCU-ACUU-----UGUGCUGCCUGCGAC---GGGCGGGGC,AAAGUCAGGCCCUUCGAAA---GAAGGCCACGUAU-C------UUUGUCU-C-----GUGCGUGCUGCCUGU------GGAUGAAUU
UGUGUCAGGCC----UGUCU------GCCACUG---GUG----GCCUGGCCAG------CGGUGCAGCCUGCUGAUGGGCCGGGCAU,AUAGUCAGGCCAGGGUAAU---CCCUGCCACCGUC--------AUUGGUC-C-----GGCGGUGCUGCCUGACAUC--GGCCAAUUA
GCAGUCAGGCC----GAGUCUG----GCCACG----GUC----UGGCCGG-AGAG-----UGUGCUGCCUGACAC---CUGGCCGUC,AAAGUCAGGCCACC-UUCGCU--GGUGCCACCCGG-GG-----UUUCG---A-----CCGGGUGCUGCCUGUAAAU----CGAAAAU
GUAGUCAGGCCG---AAAA------UGCCACC----GAUG---CCGCGUACCC-------GGUGCUGCCUG------GUGUGCGGUC,AAAGUCAGGCCAGUGUUCGU--CACUGCCACCGCA--------UUUCGUUCU-----UGCGGUGCUGCCUGU-----GGGUGAAAAG
CAAGUCAGGCCG---CUGAUU----CGCUACC----AAAGCGGCCCCCGU-C--------GGUGCUGCCUGGCGG---GCGGGGGUU,AAAGUCAGGCCAGG-GAAUA---CCUGCCACGUGG--------UUUGGACCU-----CCGCGUGCUGCCUGUAAAU-GGUUCGAAAA
UUAGUCAGGCCGC--CUU------GCGCUACG----ACUUU--GAGGAGCGGU-------UGUGCUGCCUGG-----UGUUCCUUAG,UAUGUCAGGCCCGCCUAUUU--GGCGGCCACCGG--GG-----UGAUUUUGA------CCGGUGCAGCCUGUUUC--CGAAAUUAAU
CAUGUCAGGCCAG--ACUGU----CUGCCACU----U------GGUGGGUCUUAC-----GGUGCAGCCUGUGUCU-GACCCGCCGC,AAAGUCAGGCCAGG-GAAA----CCUGCCACAGAC--------UUUUGUCCU-----GUCUGUGCUGCCUGU-----GGGUGAAAAA
CUAGUCAGGCC----AAAAGC-----GCCACG----CGUCC--UGCGGCGCU--------UGUGCUGCCUGAGG---GCGCCGUGGA,AAAGUCAGGCCACCCGAAAA--GGGUGCCACGUGGG-------GGGGCU--A----CCCACGUGCUGCCUGUA------GGCCCCAA
UAUGUCAGGCCG---AGUU------UGCUACC----GU-----AGGGCCGGUCU------GGUGCAGCCUGUUAUCACCGGCCCUCA,AAAGUCAGGCCCGG-GAUGAA--CCGGCCACCGU--UGUC---UUG-----U------AUGGUGCUGCCUG-----------UGAAA
UCUGUCAGGCC----GGGGGGU----GCCACA----UGACAG-CCGCCG--GCA------UGUGCAGCCUGAGGC----CGGCGGAG,AAAGUCAGGCCAGGAGUUCA--UCCUGCCACGCGA--------AUUUC---AGCC--UCGCGUGCUGCCUGUG-------GGAAUGU
GGUGUCAGGCCGG--AUCGU----CUGCUACU----CAC----GGUCGGGCGA-------GGUGCAGCCUGCGCCU-GUCCGACCAU,UAAGUCAGGCCGA--GACCA----UCGCUACU-----------GUCCUUGUUAAAU----AGUGCUGCCUGC-----GUGGGGAUUU
UUAGUCAGGCC----UAGGGU-----GCUACGU----------GCCGGGAUCGC-----GUGUGCUGCCUGGUCAACGUCCCGGCUU,AAAGUCAGGCCCCG-UAAAU---CGGGCCACGAU--G------UUUCCA--A------AUCGUGCUGCCUG--------UGGAAAAA
UCAGUCAGGCCU---GUUUC-----AGCCACU----GU-----GCCCCGGGAAGCU----GGUGCUGCCUGGG----CCUGGGGUAC,AAAGUCAGGCCACGCGACGA--GCGUGCCACAGUAGG------UUCCG---A----CUACUGUGCUGCCUG---------UGGAAAG
AUUGUCAGGCCA---AGG-------UGCUACAAC--GG-----CCCGCGGGA------GUUGUGCAGCCUGAA----CCCGCGGGUC,UUUGUCAGGCCCUGCUAAUU--GUAGGCCACCCC--G------AAUGGGC-A------GGGGUGCAGCCUGUUUUUU-GUCUAUUAU
GUAGUCAGGCCUU--GGCU-----AAGCUACU----CACU---GGGCCGGGC--------AGUGCUGCCUG------CCCGGCUCAA,UUUGUCAGGCCCAGGGGUA---CCUGGCCACGGG---------GAAGACG-A------CCCGUGCAGCCUGUUUUC--UGUCUUUUU
AGAGUCAGGCCUU--UUUCCU---AGGCCACCG---GGC----GGGCGCGGU-------CGGUGCUGCCUGC-----CCGCGCCUCG,UUUGUCAGGCCCAUCUCAUC--GAUGGCCACCGG---------AAAGGG--AC-----CCGGUGCAGCCUGUUUUC---CCCUUUAU
CAAGUCAGGCCUAGACCG----UCUGGCUACG----GAAC---CCGCACC-CUGC-----CGUGCUGCCUGUCC----GGUGUGGUC,AUAGUCAGGCCCGUGUUGU---CACGGCCACCGG---------GAGUCUG-GAG----CCGGUGCUGCCUGU------CAGGUUUUU
AGAGUCAGGCCU---UGUAGG----GGCCACU----UA-----GGCGCGCCUUA------AGUGCUGCCUGUCUG--GGUGCGCCCC,AUUGUCAGGCCCGUAAUUGU--UGCGGCCACGUG---------GGUACGGAG------CACGUGCAGCCUGUUUA--UCCGUGUUUC
AGUGUCAGGCCA---GUUUA-----UGCCACUC----------GCCCGCC-AGCA----GGGUGCAGCCUGGA-----GGCGGGUCC,UAUGUCAGGCCCAG-UUUU----CUGGCCACGUCA--------UUGGC---UU----UGACGUGCAGCCUGUUUC-----GCCAAAU
CCUGUCAGGCCA---CGGGAU----UGCCACGG---UAA----UGCGCGCGU-------UCGUGCAGCCUGCGA---CGCGCGCGGA,UUUGUCAGGCCCAC-GUCA----GUGGCCACGGUG-C------AAACG---AC----CACCGUGCAGCCUGUUUU-----CGUUUUA
CUUGUCAGGCC----CUUUCAU----GCCACAG---GCCA---CUGGCGCCC-------CUGUGCAGCCUGUUUACGGGCGUCGGUA,UAAGUCAGGCCACG-UAUU----CGUGCCACCCU---------GUUCCG--UUA----AGGGUGCUGCCUGAAAGUC--CGGAAUUA
UCAGUCAGGCCU---CUA-------GGCCACG----CCUA---CACGCCCACA-------CGUGCUGCCUGCAA---UGGGCGUGGC,UUUGUCAGGCCCGU-GAAAUG--ACGGCCACGAAC--------AAACACG-C-----GUUCGUGCAGCCUGUUU----UGUGUUUUU
AGUGUCAGGCC----ACCUGA-----GCCACU----AACG---CGGCCGGGC--------AGUGCAGCCUGGG----UCCGGUCGCA,AAAGUCAGGCCCCACGAAA---GUGGGCCACGCGA--------AUUUC---AGCC--UCGCGUGCUGCCUGU--------GGAAUGU
CCAGUCAGGCCU---CCCCC-----AGCCACG----UAU----UCCGCGCCU--------CGUGCUGCCUGUUC---GGCGCGGAUU,CCUGUCAGGCCCUC-AGUC----GAGGCCACGCG--U------UUGGUGG-UA-----CGCGUGCAGCCUGUUUAAU-UCACUAACU
CAAGUCAGGCCU---CGGCGUG---AGCUACU----U------CUGCCUCCGUUA-----AGUGCUGCCUGCAGGA-GGGGGCGGCC,AAAGUCAGGCCCAUGUAUAU--CAUGGCCACGGC---------AUUCGAC-C------GCCGUGCUGCCUGUAA----GUCGAAUAA
ACUGUCAGGCCG---UUGCGG----UGCCACGU----------CCGGAGUGAGCAA---GCGUGCAGCCUGACUG--CGCUCCGGGC,UAUGUCAGGCCCGC-AAUCA---GCGGCCACGCG--C------CGAGG---UAUG---CGCGUGCAGCCUGUUUU-----CCUCGCC
UGAGUCAGGCCUU--UCAA-----GAGCUACU----ACCU---GCGCUCGGA--------GGUGCUGCCUGGCGUGGCCGGGUGUAC,UAAGUCAGGCCUCC-AAUAUC--GGAGCCACGGGU-U------UUUCGCG-U-----GCCCGUGCUGCCUGAAAA---CGUGGAAUA
AGUGUCAGGCCCUG-CGU-----CAGGCUACC----GAAC---UGGGCGCCACC------GGUGCAGCCUGUCUUGAGGCGCCUAAA,AUAGUCAGGCCCGG-AGAU----CCGGCCACGC---UGAC---AAUGA---AAU-----GCGUGCUGCCUGAAA------UCGUUCG
AUUGUCAGGCCGC--CUAUU----GUGCUACC----AC-----GGUCGCC-CACUG----GGUGCAGCCUG-------GGCGACCGA,AAAGUCAGGCCCGGGGUUCA--CCCGGCCACACG---------GUUCGUC-CUAA---CGUGUGCUGCCUGUAAA---GACGAGUAU
GGUGUCAGGCCCGGGUGCCA--CUUGGCCACU----CA-----GGGCGCCGAGGA-----GGUGCAGCCUGAGA---CGGCGCCCAG,UCUGUCAGGCCCGCCAUCGA--GGCGGCCACGUC---------GUGCGGU-A------GACGUGCAGCCUGUUUUUA-ACCGUGUCC
CUUGUCAGGCCG---AAUG------CGCCACG----UGUCCC-GAGCCCG-A--------CGUGCAGCCUGG------CGGGCUCCG,UUUGUCAGGCCCUC-GUAUCA--GAGGCCACCCGC--------GAGUGG--A-----GUGGGUGCAGCCUGUUUU----CUGUUCUU
GCAGUCAGGCCUCU-GACAUC--AGGGCUACC----GG-----CCGCGCCGCUUAU----GGUGCUGCCUGAC----UGGCGCGGGC,AUUGUCAGGCCUCGCAAACA--GUGAGCCACGGG--G------UUUCUUCGG------UCCGUGCAGCCUGAAU---UGGGGAAAGA
ACUGUCAGGCCGUG-UCGG----CACGCCACU----CCU----UGCUUGGGGUU------GGUGCAGCCUGGCAAU-UUCGGGCGGC,AAAGUCAGGCCAGGGUUAU---CCCUGCCACCGG---------UUGGC---CAU----UCGGUGCUGCCUGUAAA-----GCCAAAA
AAAGUCAGGCCC---UAUU------GGCCACA-----------GGACCGUGUUGAC----UGUGCUGCCUGCAGUCCCACGGUUCCA,AAAGUCAGGCCAGUGGAAUA--CACUGCCACGAAG-C------UUUCCU--C-----CUUCGUGCUGCCUGU-------GGGAAAAA
UCUGUCAGGCCG---CAGCACC---UGCUACU----UAC----CCGGCGCUCUUG-----GGUGCAGCCUGUACACCGGCGCCGGGG,GUUGUCAGGCC----GGUGAA-----GCCACGAAC--------GGGACCC-UA----GUUCGUGCAGCCUGUG-----GGGUUCUCA
ACAGUCAGGCC----AAUCG------GCCACU----UACG---GCGGGGCUGAC------GGUGCUGCCUGCUAUU-AGUCCCGUUA,UUUGUCAGGCCCGC-UUUUU---GCGGCCACUCCU--------GAAGUG--AG----GGGAGUGCAGCCUGUUUC----CGCUUUUA
GGUGUCAGGCCG---CCUU------CGCCACACU--G------CGCCGGGGCC-----GGUGUGCAGCCUGGUAU--UCCCGGCGCG,UUAGUCAGGCCCGGGGUG----CCCGGCCACGUC---------GACACGC-AA-----GACGUGCUGCCUGAAAUC--GCGUGUUUC
UGUGUCAGGCC----GCCCAA-----GCUACG-----------GCGCCCGGAUCC-----UGUGCAGCCUGU-----UCGGGCGCAC,AAAGUCAGGCCCUGGGAAGA--CCAGGCCACCGC---------GUUCCU--UGUAA--GCGGUGCUGCCUGU-------GGGAAUAA
AUUGUCAGGCC----UUAGU------GCCACG----CUGCGU-GGUGGGC-AU-------UGUGCAGCCUG-------GCCCGCUUC,UUAGUCAGGCCAGUUGAAG---GACUGCCACGGC---------UAACGAC-U------GCCGUGCUGCCUGU------GUCGUUGUU
UUUGUCAGGCC----CAAUCA-----GCCACC----GG-----CCGGGCC-GUGAG----GGUGCAGCCUGAC-----GGUCCGGCU,AAAGUCAGGCCCGGGUUCU---CCUGGCCACAGCC-G------AUGACGC-A-----GGUUGUGCUGCCUGACAAA--GCGUUGUAU
AGUGUCAGGCC----GUCUG------GCCACU----UU-----UCGCCCCGCUA------AGUGCAGCCUGCGAA--CGGGGCGGAA,AAAGUCAGGCCACA-UCACU---UGUGCCACGGG--AC-----CUUCGCG-C------CCCGUGCUGCCUGAAA----UGCGAAGAG
CAUGUCAGGCC----AUUUU------GCUACA----AU-----GACGGGC-UCCG-----UGUGCAGCCUGA------GUCCGUUUC,GUAGUCAGGCCCGG-UGA-----CCGGCCACGUG--GC-----GUUCCGAGA------CAUGUGCUGCCUGAAUAACUUCGGAGCCU
CGUGUCAGGCCG---AGU-------UGCCACC----UU-----CGCCGGCCGUG------GGUGCAGCCUGA-----GGCUGGCGGC,AAAGUCAGGCCCCGCGUUCG--GUGGGCCACUCG---------GAUGG---AGA----CGAGUGCUGCCUGUGAAAA---CCGUUGA
GAAGUCAGGCC----UAACGCC----GCCACCG---GA-----GGGGGGACC-------CGGUGCUGCCUGGCAGG-GUCCCCCCGA,UUUGUCAGGCCCUGGUUUU---CCAGGCCACCGCC-GGC----CAGUG---A-----GGCGGUGCAGCCUGUUUUUU---CAUUGUU
CUUGUCAGGCCG---GUAAAC----UGCUACGA---AG-----GCUCCCGCUG------UCGUGCAGCCUGCCUAU-GCGGGGGCAG,AAAGUCAGGCCCUC-GAAA----GAGGCCACGGG--GG-----AAUUGGGUA------CCCGUGCUGCCUG------GCCCAAUUAC
AUAGUCAGGCCGCG-UAGCAA--UGUGCCACU----UAGU---GGGGCCCGGG-------GGUGCUGCCUGAUGA--CGGGCCCCGC,CAUGUCAGGCCCCACCACC---GUGGGCCACGC---UUA----AAGGGGGUUA------GCGUGCAGCCUGGUU---AUCUUUUUCA
CGUGUCAGGCC----AAUGGC-----GCCACGA---UU-----CCCCCGCUU-------UUGUGCAGCCUGGACC--GGCGGGGGCG,CAAGUCAGGCCA---AAUC------UGCCACCCC---------GCGG----AAUG---GGGGUGCUGCCUGC---------CCGUGU
CCAGUCAGGCC----AUAUA------GCCACG----AGAA---CCGCCCGCC--------UGUGCUGCCUGUG----GCGGGUGGAU,UUUGUCAGGCCCAC-GAUCA---GUGGCCACGGCG--------UUAAUG--CUU---CGCCGUGCAGCCUGUUUUUU--CAUUAGUC
UUUGUCAGGCC----AACUUGA----GCCACUC----------CGGCCGGGGAUUC---GGGUGCAGCCUGUGA---UCCGGCCGCA,AAAGUCAGGCCCGG-UAAU----CCGGCCACCGCG-G------CUUUCA--A-----CGUGGUGCUGCCUG--------UGGAAGAG
GAUGUCAGGCCGGU-AGCGGCU-ACCGCCACUA---U------GGGGCCACUAA-----UGGUGCAGCCUG------GUGGCCCCGG,UUUGUCAGGCCCGGGGUGUG--CCCGGCCACGGC---------GAACGCG-A------GCCGUGCAGCCUGUUUUC--CGCGUUUUA
CAAGUCAGGCCCAG-UGGGACG-CUGGCUACGGC---------CUAGGCGCAGU----GCCGUGCUGCCUG------GCGCCUGGAU,UUUGUCAGGCCCCAGGUCA---CUGGGCCACACU--AAUA---AAACG---A------AGUGUGCAGCCUGUUUCC----CGUUUAU
AUUGUCAGGCC----AGUAC------GCCACUG----------GCCCGCUUUC------CAGUGCAGCCUGC-----AGGCGGGCAC,UUUGUCAGGCCCCUCGGAA---GAGGGCCACCCU--UA-----AAAAUGG-U------GGGGUGCAGCCUGUUUUC--UCGUUUUUU
UCUGUCAGGCC----AGCAUG-----GCCACG----C------UGGCGCGCCGG------CGUGCAGCCUGCGGG--GUGCGCCGCC,UAUGUCAGGCCCGCCUAAGU--GGCGGCCACCGGG-U------GGUUGGG-U-----UCCGGUGCAGCCUGUUU----CCCAGUUUU
AUAGUCAGGCCGG--UGCGG----CUGCCACC----GUAG---GGGAGGCUGA-------GGUGCUGCCUGGUACC-GGCCUCCCCG,UAUGUCAGGCCCGG-UUCAACU-CCGGCCACCAC--UU-----UAACU---CUCU---GUGGUGCAGCCUGUUUCC----AGUUAUU
ACAGUCAGGCCAG--UUAU-----CUGCCACC----GG-----GGCGCGCGCUCG-----GGUGCUGCCUGUAGC--CGCGCGCCUA,AAAGUCAGGCCAGGCUAUU---GCCUGCCACUCUUA-------GUUCC---A----UAAGAGUGCUGCCUGUG-------GGAAUGU
CGAGUCAGGCC----ACGGA------GCCACA-----------ACCCGGCCCGUU-----UGUGCUGCCUGCAGCCAGGUCGGGUUU,CUUGUCAGGCCCGC-UACG----GCGGCCACCCCU--------GGUGAGGUA-----AGGGGUGCAGCCUGUUUCU-ACUUCGUUUU
AUAGUCAGGCCGCA-GCCUCU--UGUGCCACG----AGAA---CGGCGC--UA-------UGUGCUGCCUGGCG-----GCGUCGCA,CAAGUCAGGCCGCCCUUAU---GGGUGCCACCGC---------GGAGGU--AGA----GCGGUGCUGCCUGAAAUA---GCCUCUUA
GCUGUCAGGCCG---GAA-------CGCCACUG----------CUAGGCGGACUUG---CGGUGCAGCCUGUCGUU-CCGCCUAGAC,AGUGUCAGGCCGGGCAAAU---GCCCGCUACGAGU--------UGUCCGU-UC----AUUUGUGCAGCCUGCU-----AUGGGCGAG
UCUGUCAGGCCGUU-GAGUACC-AGCGCUACU----UC-----GCCGUCGCAU-------GGUGCAGCCUG------GCGACGGUGA,CUUGUCAGGCCCGC-UCAU----GCGGCCACCGU---------UAA-----UUGAU--ACGGUGCAGCCUGUUUU-------UUAUU
UAAGUCAGGCCCCG-ACCCAA--CGGGCUACU-----------GGAGUCCUGGCG-----AGUGCUGCCUGGGU---GGGGCUCCUU,UUUGUCAGGCCCGG-UAUU----CCGGCCACGAA--GAC----UAGAG---A------UUCGUGCAGCCUGUUUCC----CUUUAUC
GAUGUCAGGCCUG--CGA------CAGCCACC----UCA----GUCCGCC-CAUG-----GGUGCAGCCUGAGCCUA-GGCGGGCAA,AGUGUCAGGCCUCGUUAUCU--ACGAGCCACGA---G------GGUUCUUUAC------UCGUGCAGCCUGUUU---GAAGAGUUUG
AUAGUCAGGCCAC--ACUGGGA--GUGCUACG----UAC----CUCGCUCCGU-------UGUGCUGCCUGCAUCCAGGGGCGGGUA,UAAGUCAGGCCACUCAUUGA--GAGUGCCACGGC--AAA----AGAC----CCGU---GCCGUGCUGCCUGUUCC------GUCUCC
CCAGUCAGGCCUGG-ACUUC---CUAGCUACU----CUGA---CCUGGCGGG--------AGUGCUGCCUGUA----CCGCCAGGCU,AAAGUCAGGCCAGGGGUUG---CCCUGCCACGGA---------AUUGGC--CC-----UCCGUGCUGCCUGUAAAA---GCCAAUAA
AAUGUCAGGCCUU--GGACUGC--AAGCCACGCC---------UUCGGCGGAAG----GGUGUGCAGCCUGU-----CCGCCGAAUC,AAAGUCAGGCCCCUCUAAAU--GAGGGCCACGAG---------GUAUUCC-AA-----CUCGUGCUGCCUGU------GGAAUGUGA
CCAGUCAGGCCUUC-CUUAU---GGAGCCACG----U------GCUGACCCGCGAU----CGUGCUGCCUGAAUGGCGGGUCGGCCU,CUAGUCAGGCCACUGAAAGA--CGGUGCCACGGG---------AAAGCGA-AACG---CCCGUGCUGCCUGAAACG--UCGCUUUUU
ACAGUCAGGCCGGC-GGUUCCC-GCUGCUACGUG---------GGGCCGCGA------CGCGUGCUGCCUGUCUA--CGCGGCCCGC,UUUGUCAGGCCCGUCGUCA---GACGGCCACCAC---------GGGUCG--AGA----GUGGUGCAGCCUGUUUUU---CGGUUUUU
AUUGUCAGGCCG---AAAGG-----CGCCACU----UCCA---GCUGCCC-GC-------AGUGCAGCCUGAU-----GGGCGGCCA,AAAGUCAGGCCAGGGGAUA---CCCUGCCACUC----------UUUCUG--CCUU----GAGUGCUGCCUGU-------CGGGAAUA
GGUGUCAGGCC----CCUGUAG----GCUACG----ACA----CGUUGCCGGAUG-----CGUGCAGCCUGUCG---CGGCGGCGGU,AAUGUCAGGCCUCG-CAAAA---CGAGCCACGACA-UUA----UCGC----A-----UGUCGUGCAGCCUGUAAUC-----GCGACU
AGAGUCAGGCCCGA-CGAG----UCGGCCACCUGU--------CCCCCGCGC-----GCAGGUGCUGCCUG------CGCGGGGGAG,UUAGUCAGGCCCAGCUUAU---GCUGGCCACGGG---------AAAAACC-C------CCCGUGCUGCCUGU------GGUUUUUGU
GUAGUCAGGCCA---UCUCCCC---UGCCACU----AGAC---UGCCGGACUC-------GGUGCUGCCUGUGCCGAGUCCGGUGGC,UUUGUCAGGCCUGGGCAAG---CCCAGCCACUC---GGAUCA-ACGG----AC------GAGUGCAGCCUGUUC-------CCGUCG
GUUGUCAGGCC----AAAUG------GCCACU----UU-----GUCGGGGGUCG------GGUGCAGCCUGUAAGUUCCCCCGAUAA,AAAGUCAGGCCCGG-UAAUU---CCGGCCACCACC--------GUUCUC--UG----GGUGGUGCUGCCUGU-------GAGAAUAA
AAAGUCAGGCCU---AGGUAG----GGCCACCC---AA-----GCGGCUUGA-------GGGUGCUGCCUGACACCCCGGGCCGCAC,AAAGUCAGGCCAGC-GAAUGA--GCUGCCACGUC--U------UUUCCG--U------GACGUGCUGCCUGUGAAU---CGGAAAUA
CGAGUCAGGCCU---CUUU------GGCUACUU---A------CUCGUCGUGA------AGGUGCUGCCUGUGCGGUACGACGGGGC,ACAGUCAGGCCAAG-UCUCU---CUUGCCACAGC--U------AAAGUUGGAU-----GCUGUGCUGCCUGAAAAACCCAACUUUCG
CGUGUCAGGCCUG--UUA------UGGCUACG----C------CCGCCUGCCGA------CGUGCAGCCUG------GCGGGCGGUA,CGUGUCAGGCCUUU-UUCUAU--GAGGCUACGUGU-CC-----CCGC----ACA---ACGCGUGCAGCCUG----------GCGGUC
UCUGUCAGGCCGUC-ACU-----GAUGCCACACU--UU-----GGCCGGGGG------AGUGUGCAGCCUGCUUAA-CCCCGGCCAU,AAAGUCAGGCCCUC-CCCC----GAGGCCACGG----------AGUGGUGGAU------CCGUGCUGCCUGAAGAC-CCGUCAUUUA
UCAGUCAGGCCUA--GUGAAU---UGGCCACC----CA-----CCGCGGGCUGAUA----GGUGCUGCCUGGCCU--GCCCGCGGGA,AAAGUCAGGCCCGG-UCA-----CCGGCUACCA----------CCCUAC--AAAUA---UGGUGCUGCCUG--------GUAGGGCA
GUUGUCAGGCCACC-UGUCACG-GGUGCUACG----U------GCCGCGGCUAU------CGUGCAGCCUGC-----GCCGCGGCGU,AAAGUCAGGCCACGCUAUUU--GCGUGCCACGGG--GA-----AUUUUCG-AA-----CCCGUGCUGCCUGUGAAC--CGGAAAUAA
AGUGUCAGGCC----AGUUGG-----GCUACU----C------CCCCGCGGGGC------GGUGCAGCCUGGUAUACCCGCGGGGAC,CAUGUCAGGCCCGUGAACC---CACGGCCACGGG---------AGUUGGAGAU-----CCCGUGCAGCCUGUUU---CUCCAGUUAA
GAUGUCAGGCCU---UGU-------AGCUACU----AU-----GGCCCCC-AUGGU----AGUGCAGCCUGGCUCAA-GGGGGCUUC,AUAGUCAGGCCACG-CAC-----UGUGCUACGACC--------GCGGA---AU----GGUCGUGCUGCCUG---------UCCGCAU
CGAGUCAGGCCU---AGA-------GGCCACUU---CA-----CCGCGGGCCU------GAGUGCUGCCUGCAGUA-GCCCGCGGGC,CUAGUCAGGCCCGG-UACCU---CCGGCCACGCU--U------GUUCACG-UAA----AGCGUGCUGCCUGUCAAUU-CGUGAGUCC
CCUGUCAGGCCU---GAUAU-----AGCCACG----GC-----CUCCGGCAGCCGG----CGUGCAGCCUGGGACACUGUCGGAGGG,AAAGUCAGGCCCGGGGUA----CCCGGCCACCUC--U------UUCUC---CGUG---GAGGUGCUGCCUGU--------GAGAAUC
AGUGUCAGGCCGG--ACUU-----UUGCCACUUA---------GCGCCGGGUAU----UGAGUGCAGCCUGUGU---CCCGGCGCAG,AAAGUCAGGCCCAUGGUAA---CAUGGCCACCCCGG-------GAU-----CCGG-CUGGGGUGCUGCCUGUGAA-------AUCCC
UGUGUCAGGCCGAU-UUGAUUC-AUCGCCACCG---CC-----GGGCCCCCUA------CGGUGCAGCCUGUC----GGGGGCCCUC,AAAGUCAGGCCAGG-GAAAAA--CCUGCCACGAG--G------AUUGCG--AA-----CUCGUGCUGCCUGUGAAC---CGUAAUAA
UGUGUCAGGCC----ACUGAAC----GCUACG----U------GCGCCUGCUUUG-----UGUGCAGCCUGGCCAGGGUAGGCGCGA,AAAGUCAGGCCCGAGUUAAU--CUCGGCCACGGU---------GUGUCCC-UGA----AUCGUGCUGCCUGU------GGGGUGUUU
CUUGUCAGGCCU---GUCGG-----AGCUACCUG--UAG----GCCGCGG-C------CGGGUGCAGCCUGCAA----CCGCGGCGA,AUAGUCAGGCCGAGGAACUA--CCUUGCCACGUA--U------GGGCCU--AAGA---UACGUGCUGCCUGGA------GGGUUUUA
AAAGUCAGGCC----UAUUUA-----GCUACG----CAC----GCCGGCGGGAAA-----UGUGCUGCCUGGUG---CCGCCGGCGA,GAUGUCAGGCCAAGGAGUAG--CCUUGCCACGGG--GA-----GUUCCCGGA------CCCGUGCAGCCUGAAA---CUGGGAAUAU
UAUGUCAGGCCUU--GCCC-----GGGCCACUGG---------GGUCAG--GCACC--CUAGUGCAGCCUG--------CUGACUUA,UUAGUCAGGCCCGGGGAUA---CCCGGCCACGUUC--------GAAGCU--AG----GAACGUGCUGCCUGU-------GGUUUUUU
CUUGUCAGGCCGGU-GUGCAUG-GCCGCCACA----AACA---GAGGGGC-CAGA-----UGUGCAGCCUGCAGU---GUCCCUCAC,UAAGUCAGGCCUCG-GACCCA--CGAGCCACGUCG-U------UUUCGGU-U-----UGACGUGCUGCCUGAAUCA--ACCGGAGUC
UAUGUCAGGCC----GUUGUAC----GCUACU----ACUGU--GCUCCCGGAU-------GGUGCAGCCUGACCUU-CCGGGGGCAG,CUUGUCAGGCCCGUUACUG---GACGGCCACGCG--GU-----AGGGGGGGA------CGCGUGCAGCCUGAGA---CCUUCUUUUU
UUUGUCAGGCCA---CGCGAA----UGCCACAC---G------GCGCCCGCUUCA----GUGUGCAGCCUGAUC---GCGGGCGUUC,UUUGUCAGGCCCGU-GAAGUG--ACGGCCACCGGU--------GGACAGGUA-----ACUGGUGCAGCCUG------ACCUGUUUUA
GAAGUCAGGCCC---UGUGAC----GGCCACUG---UUCG---CCGGCCGGC-------CGGUGCUGCCUGAGUGAGCCGGCCGGCU,UCUGUCAGGCCCAG-AUUAAC--CUGGCCACCGG---------GGUGACGGAC-----CUGGUGCAGCCUGAAUUA-CCGUCGUUUA
CUUGUCAGGCCUGAGUCGGG--UUUAGCCACU----C------CCGGGCGUUCUG-----AGUGCAGCCUGGCGGGGACGCCCGGUC,UUUGUCAGGCCCGC-UUUU----GCGGCCACGGU---------AAAGGG--AAC----ACCGUGCAGCCUGUUUUUU--CUCUUUUU
UGUGUCAGGCC----UGUAAC-----GCUACU----CCG----CGCCGG--AGU------AGUGCAGCCUGGCCGG---CCGGCGAG,AAAGUCAGGCCCAC-GUAA----GUGGCCACCGC--G------AGUGUGGAA------GCGGUGCUGCCUGUAAAAGUCCAUGUUAU
AAAGUCAGGCC----AAGUCAA----GCCACA----AUAGGG-GCGGCGCGA--------UGUGCUGCCUGGAAU--CGCGCCGCUU,ACAGUCAGGCCCGC-AAUGA---GCGGCCACCGUG--------GAGUGGGGA-----CACGGUGCUGCCUGAAAUACCCCCGUUUAA
UCUGUCAGGCCG---CAUU------CGCCACGGU--G------CCGACCUGAU-----GCUGUGCAGCCUGCCUUG-CGGGUCGGGU,GGUGUCAGGCCCUCCCCAU---GGAGGCUACAUC---------UUGCGGU-AAGU---GAUGUGCAGCCUGAAAGAU-GCUGUGGAU
GUAGUCAGGCC----GCAUC------GCCACCUA--A------CCCGGGGGU------UGGGUGCUGCCUGUGUUC-CCCCCGGGAA,AGUGUCAGGCCCGACGUCCA--GUCGGCCACCGCU--------UUGCU---UU----AGUGGUGCAGCCUGUUUUG----AGUAGUG
CUUGUCAGGCC----UUUAGC-----GCCACCG----------GGGGCGGGUA------CGGUGCAGCCUGCUC---UCCGUCCUCA,UUUGUCAGGCCCGGGGUUA---CCCGGCCACCCU--U------AAUUGUCGU------AGGGUGCAGCCUGUUUC--CGGUGAUUUA
UGUGUCAGGCC----GAGAA------GCCACG----ACUCGA-GGGGCUCUU--------CGUGCAGCCUGUU----AGAGCCCCCG,AAAGUCAGGCCAAGCGUUAA--GCUUGCCACCGGU-A------UAUUCGC-A-----AUCGGUGCUGCCUGUGAA---GUGGAUAAA
UUUGUCAGGCCGU--GAGGA----AUGCCACCGA--UC-----GGCCGGC-A------UCGGUGCAGCCUGUUA----GCCGGCUAA,UUUGUCAGGCCCGG-UUGU----CCGGCCACUC---UU-----UAACG---CCUU----GAGUGCAGCCUGUUUUU----CGUUAUU
GAUGUCAGGCCG---AGUAGU----CGCUACA----AUU----GAUUGCGCA--------UGUGCAGCCUGCCUCAGGCGCGGUCUU,UUAGUCAGGCCAGGCGUUUA--GCCUGCCACCCGG-G------AAUGCGU-A-----CCGGGUGCUGCCUGUAGUUC-GCGCGUUAU
CAAGUCAGGCCUG--GCUC-----UAGCUACC----CCAG---CCCCGCGUC--------GGUGCUGCCUGAAGCG-ACGCGGGGUG,AGUGUCAGGCCCGGGGUAG---CCCGGCCACGGU--A------ACUUC---CAC----ACCGUGCAGCCUGUUU------GAAGUUU
CAUGUCAGGCCAGC-GUGG----GUUGCUACG----CUU----CGCAGUC-CUUU-----CGUGCAGCCUGCGAG---GGCUGCGCC,UUUGUCAGGCCCACCGUGA---GGUGGCCACGGG---------GAAAUCGGA------CCCGUGCAGCCUGUUUU--UCGAUUUUUA
AUAGUCAGGCCG---UACCA-----UGCCACU----G------CGCCGGGCGCA------AGUGCUGCCUG------GUCCGGCGCG,UAUGUCAGGCCUCC-UAAAUC--GGAGCCACGCG--AUU----AAACUGC-C------CGCGUGCAGCCUGUUUCC--GCAGUUUUU
GGAGUCAGGCCCU--UCAGGUU--AGGCUACG----AAA----CGUGUGCCCA-------CGUGCUGCCUGGGGU--GGCGCACGUC,UCUGUCAGGCCUCC-AAUUUCC-GGAGCCACGAGG--------GAGUGG--GA----CCUCGUGCAGCCUGUUU-----CCAUUUUU
GGAGUCAGGCCCA--UAAUC----UGGCUACU----AG-----GCGGCCGGACUC-----AGUGCUGCCUGAAUCUCCCGGCCGCGU,AAAGUCAGGCCACGCUAAU---GCGUGCCACGCG--G------UUUCCC--A------CGCGUGCUGCCUGUA------GGGAAAAA
GCUGUCAGGCCGCG-AAAU----UGUGCUACCG---U------CCGGGGGCGUU-----CGGUGCAGCCUGCCACAUGCCCCCGGGG,UGUGUCAGGCCCAGCUCUCU--GCUGGCCACGG---AUAAA--AAACAA--C-------CCGUGCAGCCUGU-------UUGUUUCU
AAUGUCAGGCCGGU-GUAUGCG-GUCGCCACGG----------CCCUCGCGAAUA----UUGUGCAGCCUGUCGGC-CGCGGGGGAU,AAAGUCAGGCCCAGCGAGA---GCUGGCCACUCC---------GUUCGG--AA-----GGAGUGCUGCCUGUAAAA---CCGAAUCC
UCUGUCAGGCCG---UGC-------UGCUACC----UUAUA--GCUCCGGGAA-------GGUGCAGCCUG------CCCGGGGUCA,AAAGUCAGGCCCCUCAACUC--GAGGGCCACCGUCG-------UUUCC---U----UGACGGUGCUGCCUGU--------GGAAAAG
GCAGUCAGGCC----GAUAACG----GCUACUG---ACUUAU-CCCAG---C-------CAGUGCUGCCUGAGCG-----CUGGGGU,ACUGUCAGGCCUCGGGUAGA--CCGAGCCACUAU---------CUUGCUU-CCC----AUAGUGCAGCCUGAAAUU--GAGCGAGCC
GUUGUCAGGCC----UUUGGAC----GCCACU----ACGUG--GCUCGCCCU--------AGUGCAGCCUG------GGGCGGGCAA,AGUGUCAGGCCCGCGGUUAA--CGCGGCCACCCCC--------GUUCUU--UUA---GGGGGUGCAGCCUGUUU-----GGGAAUUU
GAAGUCAGGCCA---GUGCC-----UGCUACUU---U------UGCAGGCCG-------GAGUGCUGCCUGC-----GGCCUGCGUC,ACAGUCAGGCCCCGGACGCG--CCGGGCCACGGGG-A------AUGGGCG-A-----CCCCGUGCUGCCUGAAAUAA-CGCCCAUCU
UUAGUCAGGCCU---UAGUGUU---GGCUACUGU--CG-----CCGGGGGCC------ACGGUGCUGCCUGGUU---GCUCCCGGCU,AAAGUCAGGCCCCACUUAU---GUGGGCCACGGC--UAU----UUUCC---CC-----GCCGUGCUGCCUGU--------GGAAAUG
ACUGUCAGGCCGUC-GCGAU---GAUGCCACGG---ACUU---CCGGGGU-UC------CUGUGCAGCCUGCU-----GCCCCGGUU,UUUGUCAGGCCCGCCUUCU---GGUGGCCACUGUCU-------AAGC----CC---AGACAGUGCAGCCUGUUUUCC----GUUUUU
CGUGUCAGGCCGU--GUGACCU--GCGCCACG----UAGG---CCUCGGUGC--------CGUGCAGCCUGUGGUA-CACCGGGGCG,AAAGUCAGGCCCUCCUAU----GGAGGCCACCGU---------GUUGGG--UA-----AUGGUGCUGCCUGUGAAU---CCUAGUAA
CGAGUCAGGCCC---CACG------GGCUACG----UAACA--GGGGGAUCC--------UGUGCUGCCUGGCU---GAUCCCCUCC,UUUGUCAGGCCCUUCAAUC---GAAGGCCACGUG---------GUCGG---UUUUA--CGCGUGCAGCCUGUUUUC----CCGGUAU
UGAGUCAGGCCU---AAUG------AGCUACGU---GCUU---CCCGGGU-C-------ACGUGCUGCCUGAG-----GCCUGGGGU,UUUGUCAGGCCCCACGUAUA--GUGGGCCACUCGC--------AAUCCG--C-----GCGAGUGCAGCCUGUUUUUU--CGGAUUUU
GGAGUCAGGCCC---GCGA------GGCCACG----GC-----GGCUGGCCAC-------CGUGCUGCCUGCACCGCGGCCAGCCCC,AAAGUCAGGCCCAGCUCCG---GCUGGCCACGG---A------CAUUU---AACA----CCGUGCUGCCUGUGA------AGAUGAG
CUAGUCAGGCCAGU-AAAU----GCUGCCACU----UCGUA--GGGGCGGCG--------GGUGCUGCCUGCCCC--GCCGCCCCAU,AAAGUCAGGCCAUCCGAUUA--GGAUGCCACGUGC--------UCUCG---UUC---GUACGUGCUGCCUG---------UGAGAAG
GGAGUCAGGCCGG--ACAUGCG--CCGCCACC-----------UGCGGGCGGCUA-----GGUGCUGCCUGAGACCAUGUCCGCGUA,UGUGUCAGGCCCGG-GUAGA---CCGGCCACGA---UUG----CGUUAC--UUU-----UCGUGCAGCCUGUUU-----GUAGUGUU
CCUGUCAGGCCU---CUAG------AGCCACG----GAGACAGGCUCGCG-U--------CGUGCAGCCUGUGACU--CGCGGGCCU,UUUGUCAGGCCCGCGGUUA---CGUGGCCACCGGU--------AAAGGCG-A-----GCCGGUGCAGCCUGUUUUU--CGUUUUUUU
CUAGUCAGGCC----UCUUGCU----GCCACG----CU-----GCCGGUGCCAU------CGUGCUGCCUGUUCCUAGCGCCGGCGC,UUAGUCAGGCCAAGCUUUAC--GCUUGCCACGUAG--------AAAGCC--AA----CUACGUGCUGCCUGU-------GGUUUUUG
GAAGUCAGGCCUU--CAAA-----GAGCCACC-----------CCGCGGGCGUGA-----GGUGCUGCCUGCGGU--GCCCGCGGUG,UAUGUCAGGCCCGAUGAUG---GUCGGCCACCACU--------AAAGCG--GC----AGUGGUGCAGCCUGAGUUU---CGCUUUCU
GUUGUCAGGCCG---AUUCCCA---UGCCACA----CCAA---CGGCGAUGGCC------UGUGCAGCCUGCUCA--CGUCGCCGAU,UUUGUCAGGCCCUGUGUAUG--ACAGGCCACGUUU--------GAUGCGG-A-----AAACGUGCAGCCUGAA-----CCGCGUUUC
ACAGUCAGGCCCU--GUGA-----GGGCCACUG---CUUC---GCGGC---GCA-----CGGUGCUGCCUG---------GCUGCCC,UAAGUCAGGCCAGGUUCA----ACCUGCCACGUG--UU-----ACUUU---CCG----CGCGUGCUGCCUGU--------GAAGUCU
CUUGUCAGGCC----GCUCAAG----GCUACAGC---------AGGCCCGGA------GUUGUGCAGCCUG------CCGGGCCUGU,CCAGUCAGGCCGGGCCUA----GCCCGCCACUAC---------GGCCG---AAA----GUGGUGCUGCCUGACGG-----CGGCUGU
AUUGUCAGGCC----GAGCC------GCUACA----GAAC---GCGGGGCGA--------UGUGCAGCCUGCGU---CGUCCCGCGC,CAAGUCAGGCCCGC-GUAA----GCGGCCACGAG---------GAACGG--AA-----CUCGUGCUGCCUGUAAAA---UCGUUCAU
CUAGUCAGGCCC---CACG------GGCUACG----UUGUUU-GGGCGGCCA--------UGUGCUGCCUGGCCC--GGCCGCCCCG,UUUGUCAGGCCCGUCAUGAA--GACGGCCACCGG---------GGUCUGGUA------CCGGUGCAGCCUGUUU---GUUGGAUUUU
GCUGUCAGGCCUA--GUAAUAA--UGGCUACU----AUCUU--CCGCGCGUU--------GGUGCAGCCUGUC----ACGCGCGGAA,AAAGUCAGGCCAUC-GGAUUA--GAUGCCACGUG--UU-----UGCUU---UCG----CGCGUGCUGCCUGUAA------GAGUGAG
ACUGUCAGGCCGCU-UAACUG--GGUGCCACU----U------CGCGCGCGGGGUG----AGUGCAGCCUGUUUGAUCGCGUGCGAC,AAAGUCAGGCCCGGGAAUC---CCCGGCCACGGU--C------UUUGCC--CUU----ACCGUGCUGCCUGU-------GGUGAAAA
GAUGUCAGGCCUGGGUGAUC--UCUGGCCACUU----------GCGGUCACCCGGU---AAGUGCAGCCUGUG----GUGGCCGCCA,UUUGUCAGGCCCGACGUUC---GUCGGCCACCGAG--------GUGUGG--UG----CUCGGUGCAGCCUGUUUUU---CCGUGUUU
UAUGUCAGGCCGUC-CGG-----GGUGCCACG----A------GCGGGGGCAAG------CGUGCAGCCUGACG---GCCCCCGCUG,UUUGUCAGGCCCGC-UAUU----GCGGCCACGGG--AAUUU--AAAC----CA-----CCCGUGCAGCCUGUUUUU-----GUUUUA
CUUGUCAGGCC----CACCA------GCCACGAG--GUG----GCCGCGG-A------CUCGUGCAGCCUGGA-----CCGCGGUUG,AAAGUCAGGCCCAGCUCACU--GCUGGCCACCCCC-A------UUUUCGC-C-----GGGGGUGCUGCCUGUAAAU--GCGAAAAAA
GUAGUCAGGCCGGGGCAU----CCUUGCUACG----AU-----CCCGCCG-AUCA-----CGUGCUGCCUGGUGUCG-UGGCGGGCU,AAAGUCAGGCCCUC-UUAGAU--GAGGCCACGAG--U------UUUCU---UCU----CUCGUGCUGCCUGU--------GGAAAAG
AGUGUCAGGCCAUC-UAG-----GAUGCUACC----GA-----CGCCGGCCAUU------GGUGCAGCCUGAUCAC-GGCCGGCGAG,UAUGUCAGGCCCAGCGUAC---GCUGGCCACGGU---------UGAUGGGGG------ACCGUGCAGCCUGUUU---CUCCGUCGUU
AUUGUCAGGCCGAG-UGC-----UUUGCCACC----CAC----UCCGCGGGC--------GGUGCAGCCUGC-----CCCGCGGAAA,AUUGUCAGGCCCCUGUUUCC--CAGGGCCACCGG---------UUUUAAGCUCU----CCGGUGCAGCCUGUUCUC-GCUUAAAAAA
GAUGUCAGGCCCGCCCUCG---GGCGGCCACC----CUGGC--CCGCCCG-UCC------GGUGCAGCCUG-------UGGGCGGUA,AAAGUCAGGCCCGC-GAAA----GUGGCCACGGG---------GAUCGCA-CCG----CCCGUGCUGCCUGAA-----UGCGAUCAC
UAAGUCAGGCCG---CGCC------CGCCACC----CUAG---CCGGCCG-UGUG-----GGUGCUGCCUGGAUGUC-CGGCCGGAG,AAAGUCAGGCCCUGCGAAA---GUAGGCCACGGU---------AUUCGUU-CCCA---ACCGUGCUGCCUGUAAAA--AGCGAAUCA
UGAGUCAGGCCC---ACUGC-----GGCCACUC---GCC----GGCCCGCCC-------GAGUGCUGCCUGG-----GGCGGGCCAG,AAAGUCAGGCCCUC-UAGU----GAGGCCACGUGG--------GAACGGCGA-----CCACGUGCUGCCUGUAAU--CGUUGUUUAU
AGUGUCAGGCC----UACCCCC----GCCACCC---A------CCCGCGGGU-------GGGUGCAGCCUGCACG--CCCGCGGGGG,UCUGUCAGGCCCGC-ACUAA---GCGGCCACGCGAG-------UUGGC---UU---CUCGCGUGCAGCCUGUUUUC----GCCAAUC
CCUGUCAGGCCG---ACAAC-----CGCCACU----UUAA---UGCGUCGGCUC------AGUGCAGCCUGCAAAG-CCGGCGCAAG,UUAGUCAGGCCCGG-UUUU----CCGGCCACGAGGU-------UAAAUC--U----ACUUCGUGCUGCCUGU-------GGUUUAUG
CUAGUCAGGCC----AGGGGAU----GCCACGU---GUA----GCCCGGGGU-------ACGUGCUGCCUGAU----CCCCGGGCUC,AAAGUCAGGCCCGGCAAAC---GCUGGCCACGGAC-AC-----UUUCGC--A-----GUCCGUGCUGCCUGUAAUC---GCGAAAAA
CGUGUCAGGCCA---UAUGC-----UGCCACC----UG-----UGCCCCGGGAUUC----GGUGCAGCCUGGA----CCGGGGUGGU,AAAGUCAGGCCCGG-ACCC----CCGGCCACGGAG--------UUUCGGU-CU----CUCCGUGCUGCCUGUGA----AUCGAAAAA
AUAGUCAGGCC----AAAGCGG----GCUACGG---CA-----AUCGUCGCGCA-----UUGUGCUGCCUGUGUACGGCGGCGGUCA,AAAGUCAGGCCAGC-GAUUAA--GCUGCCACGCG---------UUUCGG--UU-----CGCGUGCUGCCUGUAAAAU--CCGAAAAA
ACAGUCAGGCC----UGAGCC-----GCUACC----CGG----GGGGCCCCCUC------GGUGCUGCCUGCAGCCCGGGGCCCCCA,UUAGUCAGGCCACUCUCUU---GAGUGCCACGAUG--------GGGGGCG-A-----CAUCGUGCUGCCUGAA-----CGCCUUUUA
CGUGUCAGGCCCAA-CUCUGC--UUGGCCACA----AC-----CCGCCGCGCU-------UGUGCAGCCUGUC----CGCGGCGGGU,UUUGUCAGGCCCAC-AUCC----GUGGCCACCCUA-U------AAACAG--U-----UAGGGUGCAGCCUGUUU-----UUGUUUUU
UCUGUCAGGCCCU--CGGA-----GGGCCACC----GC-----UUCGCCCGGC-------GGUGCAGCCUGCAA---CGGGCGAGGG,UAAGUCAGGCCACC-UUAAC---GGUGCCACAUGC--------UUUGGACGU-----GCGUGUGCUGCCUGAA----CGUCUGGGAA
GGAGUCAGGCC----AGCCUGC----GCCACCGA---------GCGUGUUGA------UCGGUGCUGCCUGGUA---CGGCGCGCGU,AGUGUCAGGCCCGC-UUUCU---GCGGCCACGGA--UUUUU--GGGUU---U------UCCGUGCAGCCUGUUUG-----AGUUUUG
UUUGUCAGGCCG---GCAGCGG---CGCUACC----UG-----CGUGGUCCAC-------GGUGCAGCCUGU-----GGACCGCGGA,AAAGUCAGGCCAAGGGUUA---CCUUGCCACCCGC-U------UUUCGC--U-----GUGGGUGCUGCCUGUAAGUC--GCGAAAAA
AUUGUCAGGCCG---CUU-------UGCUACA----AA-----CGGGGCCCGG-------UGUGCAGCCUGUAUUGCGGGCCCUGUG,UUUGUCAGGCCCGC-UUUCUCU-GCGGCCACGGC--G------AAGC----AAA----GCCGUGCAGCCUGUUUUUC----GUUUUU
GUUGUCAGGCCG---GGUAGAU---UGCUACUGU--G------CCGCGGG-AAC----ACGGUGCAGCCUGUGU----CCCGCGGAA,AAAGUCAGGCCCUGGGAUAG--CCAGGCCACGUC--A------AAACGC--AAA----GACGUGCUGCCUGAGAA----GCGUUUAU
ACUGUCAGGCCGGU-UGACGGA-GUCGCCACC----AGA----GGGCGCC-UCUA-----GGUGCAGCCUGGCUAAC-GGCGCCCCG,UUUGUCAGGCCACUCUUAU---GAGUGCCACGG----------GAAGAGG-AGGAA---CCGUGCAGCCUGUGUUUA-CUUUUUUAU
CAAGUCAGGCCGGG-GAGAA---CUUGCCACA----U------GCCCCCGCCGAC-----UGUGCUGCCUG------GCGGGGGCUC,AAAGUCAGGCCACCCCUCG---GGGUGCCACCGC---------GGUGGGU-AA-----GCGGUGCUGCCUGUGAAA--ACCCGUUAU
GUUGUCAGGCC----GGAGCA-----GCCACGG----------CCCCCCGCCUC-----UUGUGCAGCCUGGGU---GCGGGGGGUC,UAAGUCAGGCCAUCGAAGU---CGAUGCCACCUU--G------GUGCGU--AC-----AAGGUGCUGCCUGGAGAAA--ACGUAUUG
ACAGUCAGGCCGU--CUGCA----AUGCCACC----GU-----GGCCCCGGCUGU-----GGUGCUGCCUG------CUGGGGUCUA,UAUGUCAGGCCCUC-UUAU----GAGGCCACGGGC--------AAUCGCG-C-----GCCCGUGCAGCCUGUUUUU--CGCGAUUUU
AGUGUCAGGCCG---UCGA------UGCUACU-----------CUGGCGCGUCGUC----AGUGCAGCCUGUAGGUGCGCGCCAGGA,AAAGUCAGGCCCCAGAUAC---CUGGGCCACGUC--AUA----UAGUCGG-A------GACGUGCUGCCUGAAA----CCGAUUGAG
GAAGUCAGGCC----GGGCUG-----GCCACC----AGG----GCCCGCGUGA-------GGUGCUGCCUGUG----ACGCGGGCUU,AAAGUCAGGCC----UCCAUU-----GCCACUUG--GU-----UCAGU---UAG----CGAGUGCUGCCUGUGA------GUUGGGU
CUUGUCAGGCCC---UCGAAAC---GGCCACUUC--C------CCCGGGGCG------GAGGUGCAGCCUGGUUAGGGCUCCGGGGC,AAAGUCAGGCCCGGCAAAC---GCCGGCCACGGC--A------UAUUUCC-C------GCCGUGCUGCCUGU------GGAGAUGAA
CAAGUCAGGCCCU--CUAU-----AGGCCACG----CUUG---CAGCGCGCU--------CGUGCUGCCUGUGACGAGCGCGCUGUU,UAAGUCAGGCCAUGAGAAA---UCAUGCCACAUG--U------GAUCCC--AAA----CGUGUGCUGCCUG--------GGGGUUUU
CCAGUCAGGCC----ACUGUG-----GCCACA----UCAAA--CGCAGGCCGG-------UGUGCUGCCUGGU----GGCCUGCGAA,AAAGUCAGGCCCUC-GCACAA--GAGGCCACGCG---------GUUCCG--UA-----CGCGUGCUGCCUGUAAU----CGGAAUAA
CCUGUCAGGCCGA--AAUGGCA--UUGCCACU----AUUU---CGGGGGCGAAG------AGUGCAGCCUGGCA---CGCCCCCGAU,AAAGUCAGGCCCGACAAAC---GUCGGCCACCGGU-U------UUCU----U-----GCCGGUGCUGCCUGU---------GGAAAA
CGUGUCAGGCCA---CGGC------UGCUACC----UGU----UGUGGUGCGGGC-----GGUGCAGCCUGGUUUU-GCGUCGCAUC,UUUGUCAGGCCCGGGGAUG---CCCGGCCACCACU-GG-----GGGCGA--G-----AGUGGUGCAGCCUGUUUUU---UCGUUUAU
AGUGUCAGGCCGGC-UGCUUUG-GCUGCCACC----UCCG---CGGCCGCCUAC------GGUGCAGCCUGGCAGU-GGUGGCUGGG,UUUGUCAGGCCCAG-UGUU----CUGGCCACGAUG-G------AAA-----UCGCU-UAUCGUGCAGCCUGUUU--------UUUUU
CUUGUCAGGCC----CGAUCGA----GCUACU----CA-----GCCCCGGCAC-------AGUGCAGCCUGACGG--GCCGGGGCCG,AAAGUCAGGCCCCGGGAUA---CCGGGCCACGUU--G------UUUCC---UA-----AACGUGCUGCCUGU--------GGAAAAG
UGUGUCAGGCCG---GUG-------CGCUACC----UUAG---GGGGCGC-UC-------GGUGCAGCCUGAAAA---GCGCCUCGU,GAAGUCAGGCCAGG-GAAACA--CCUGCCACGGUU-CC-----UCUGCU--A-----AACCGUGCUGCCUGUGAA----AGUGGAUA
UGUGUCAGGCCGGG-AAGUU---UUCGCCACG----CUCUCA-GGCGCG--CGU------UGUGCAGCCUGGCAAGG--CGCGCCCA,AAAGUCAGGCCCGGCGAAAA--GCCGGCCACCGA---------UUCCG---UUACU--UCGGUGCUGCCUG---------UGGAAAA
AGAGUCAGGCC----CCCGGC-----GCCACGC---A------GGCGGGGGG-------GUGUGCUGCCUGGGU---UCUCUGCCAG,UAUGUCAGGCCCAC-CCCC----GUGGCCACGG---CGAAAAAAAAG----G-------CCGUGCAGCCUGUUCCU-----CUUUUU
GCAGUCAGGCCGC--UACC-----GUGCUACU----CCCCAC-AGGUUUCCU--------AGUGCUGCCUGU-----GGGGGCCUCC,UUUGUCAGGCCUCCGAUUG---CGGAGCCACGG---U------GAAGG---UGAGA---CCGUGCAGCCUGCCU------CCUUUAA
GUUGUCAGGCCG---CCCU------UGCCACG----AU-----GGGGCCGGUA-------CGUGCAGCCUGCUU---CCGGCCCUCU,AAAGUCAGGCCCGAGAUCUC--CUCGGCCACGUC---------GCUU----CCCAA--GACGUGCUGCCUGUGA-------AAGUAU
UCAGUCAGGCCG---AAAC------CGCCACCCG--U------CGUCGGCCUU-----UGGGUGCUGCCUGUC----GGCCGGCGGC,UUUGUCAGGCCUUACUGUU---GUAAGCCACGGGA--------UAACGGC-C-----UCUCGUGCAGCCUGAAUUUC-GCCGUUACA
UCUGUCAGGCC----UUAUG------GCUACU----CCAA---GGGGGGGGCAC------AGUGCAGCCUGAGUC--CCCCCCCUUU,AUAGUCAGGCCAGGCGUUC---GCCUGCCACGAUG--------ACUCG---UUCA--CAUCGUGCUGCCUGUAAUU----CGAGUAA
UUAGUCAGGCC----GAGGGA-----GCCACGG---UU-----CGGUGCGCGC------CUGUGCUGCCUGAC----GCGCACCGCU,AAAGUCAGGCCCAUGUAACU--CAUGGCCACCCCU--------UUUCCG--U-----GGGGGUGCUGCCUG--------UGGAAAUC
CUAGUCAGGCC----CAUUUC-----GCUACUUU---------GCCCCGCGU------AAGGUGCUGCCUGCAAAC-CGCGGGGCCA,AAAGUCAGGCCCAG-ACCCAC--CUGGCCACGUUG--------GAUGGUCGC-----CAACGUGCUGCCUGAAUCCACGACCGUUAG
AUAGUCAGGCCGU--CCG------ACGCUACG----GU-----GGGCCUCUCCGU-----CGUGCUGCCUG------GGGGGCCCUG,AAAGUCAGGCCCAGCUAAGU--GCUGGCCACGAUG-GU-----UUC-----UCG---UAUCGUGCUGCCUGU----------GGAAA
CAAGUCAGGCCCA--UAUUUAA--UGGCUACGCA--U------UCGCCGG-CAU----UGUGUGCUGCCUGACC----CCGGCGGGA,AAAGUCAGGCCCGG-UUACAAU-CCGGCCACGUC--GC-----CUUCUUA-AU-----GACGUGCUGCCUGGAA----UAAGAAGAA
UAAGUCAGGCC----GUACCU-----GCCACU----AACU---GCACGGCCAA-------AGUGCUGCCUGGCCG--GGCCGUGCGU,CAAGUCAGGCCAAGGAAAAA--CCUUGCCACGAGG--------GAACGUG-A-----CCUCGUGCUGCCUGUAAUC--CACGUUCAA
UAUGUCAGGCCGA--GCG------UUGCCACGU---CU-----GCUCCCACG-------GUGUGCAGCCUGCUUCG-GUGGGGGCCC,UAUGUCAGGCCCGG-UUUGU---CCGGCCACCGCC--------AGUUUG--A-----GGCGGUGCAGCCUGUUUU----CGGAUUUU
AGUGUCAGGCCU---GUGAGCC---GGCCACU----UA-----CGCGGUAGCC-------GGUGCAGCCUGCCGUC-UUACCGCGUA,UUUGUCAGGCCCUCAGUUUA--UGAGGCCACGUU---------GAAGGUG-A------AACGUGCAGCCUGUG-----UGCCUUUUU
GUAGUCAGGCCAUGUAGCC---GCAUGCCACA----CU-----GCGGGCCCACUG-----UGUGCUGCCUGGGGUC-GGGCUCGCUG,UUAGUCAGGCCCUCCUUAU---GGAGGCCACUCCG--------GGACC---G-----UGGAGUGCUGCCUGU--------GGUUUUU
GGAGUCAGGCCGG--CUCC-----CUGCUACG----CG-----UCGGGGGGCUG------UGUGCUGCCUGAAGAUUCCCCUCGGAU,UUUGUCAGGCCCGC-GAUA----GCGGCCACGGCG-A------AAGGG---A-----CGCCGUGCAGCCUGUUUC-----CUCUUUU
UGUGUCAGGCCG---CACUUGU---UGCCACU----AU-----CCGGGCA-UGC------AGUGCAGCCUGGCCCCU-UGCCCGGAC,CAAGUCAGGCCAUGGGAAA---CUAUGCCACUCCG-G------GGGGGUG-A-----CGGAGUGCUGCCUGUAAAU--CACCUUUAU
CAUGUCAGGCCU---GUUCG-----AGCCACG----U------CGCGCCCGUAUC-----UGUGCAGCCUGGGC---CGGGCGCGUG,ACUGUCAGGCCUAG-GAAAG---CUAGCCACGUG---------GAGGGGGGA------CACGUGCAGCCUGAAA---UCUCCUUUUG
CGUGUCAGGCC----UAUAG------GCCACA----G------GCGCCCCGACAUG----UGUGCAGCCUGCG----CGGGGCGCAU,UAUGUCAGGCCCGG-UGAU----CCGGCCACGGG--U------AUUGGC--UCG----CCCGUGCAGCCUGAAGAA---GCUAAUUG
CAUGUCAGGCC----UACUAAA----GCUACU----CUU----CGGGGGCCU--------AGUGCAGCCUGG-----GGCUCUCGCC,UAUGUCAGGCCCGACUUUU---GUCGGCCACGGGC--------AAUCGCG-C-----GCCCGUGCAGCCUGUUUUU--CGCGAUUUU
ACAGUCAGGCCGGGUCCUU---ACCCGCUACC----GAGG---CGCGGCC-UAG------GGUGCUGCCUGACGG---GGCCGCGGU,UGUGUCAGGCCCAUCAAUAC--GAUGGCCACC----UCAAG--AAAU----CCCC-----GGUGCAGCCUGUUU-------GUUUAU
UGUGUCAGGCCU---GUGAAAU---AGCUACG----UUA----GCCCCCGCGUCC-----CGUGCAGCCUG------GCGGGGGCAU,CAAGUCAGGCCCGGGGUAA---CCCGGCCACCAGU--------GGUGAUG-A-----ACUGGUGCUGCCUGUAAAUC-CGUCAUUCC
CUAGUCAGGCCC---AAGUCA----GGCCACAC---UUCC---GCCGCGGGG-------GUGUGCUGCCUGUCGUCCCCUGCGGCUA,UUUGUCAGGCCUGUCAUUGC--GACAGCCACGCUG--------GGGGGCGGC-----CAGCGUGCAGCCUGUUUU--CCGUCUUUAU
GCUGUCAGGCC----AACUC------GCUACC----GUGU---CGGGCGCCG--------GGUGCAGCCUGGG----GGCGCCCGCC,AAAGUCAGGCCACC-ACCC----GGUGCCACGGAUG-------GACGCG--A----CAUCCGUGCUGCCUGUAAGAU--CGCGUUAU
UCUGUCAGGCCAC--AGAACUG--GUGCCACC----CGG----GGACCGCGUCGA-----GGUGCAGCCUGGUUAG-CGUGGUCCUU,UUUGUCAGGCCCAC-UCUU----GUGGCCACGUGG--------UUUGGGG-UU----CCACGUGCAGCCUGUUUU---CCCUAAGUU
GGUGUCAGGCCUAU-AUAGUAG-GUGGCUACU----GAAGGC-GCCGCAUGA--------GGUGCAGCCUGACU---UAUGCGGCCC,AUUGUCAGGCCUGUCUCUUU--GACAGCCACUCG---------AACGC---AUCA---CGAGUGCAGCCUGAAUUC----GCGUUAA
UGAGUCAGGCC----CAAGUG-----GCCACU----UAACAAAGGGGG---U--------AGUGCUGCCUGGCU------CCCCUGU,CAAGUCAGGCCCAUCUAUGU--GAUGGCCACCGC---------GAUGGG--AA-----GCGGUGCUGCCUGUAAUCC--CCCAUUCC
GGAGUCAGGCCUUG-ACAA----CGGGCCACGGU--AGCAG--CGCC----U------GUCGUGCUGCCUGAUGCA-----GGCGAC,UAUGUCAGGCCCAACAUACC--GUUGGCCACUGG--AAGU---UUUGG---AU-----CUAGUGCAGCCUGUCC------CCGAAAA
GAAGUCAGGCC----CAAAUA-----GCUACGU---G------UCGGGUGCAGGG----GUGUGCUGCCUGUCGAUCGCGCCCGGCG,AAAGUCAGGCCCAGCGAAA---GCUGGCCACAGGG--------UUUCCCC-U-----CCCUGUGCUGCCUGU------GGGGAAAAA
GUAGUCAGGCCU---UUUCUG----AGCCACCU----------CGGCCGCCCAGUC---GGGUGCUGCCUGUUUUAAGGCGGCCGCC,CUAGUCAGGCCCCGCUAAU---GUGGGCUACUCG---------UUCGUGCGAAG----CGAGUGCUGCCUGGAA---CGCACGAGAA
GAAGUCAGGCCGG--CUAGUA---UCGCUACG-----------AGCAUGC-CUGGU----CGUGCUGCCUGUAAC---GCGUGCUCU,UUUGUCAGGCCCACCCAAG---GGUGGCCACAUUC--------AAAACCG-C-----GAGUGUGCAGCCUGUUUUAU-CGGUUUUUU
CGAGUCAGGCCGC--CGGGA----GCGCUACAG---C------GCGUGGACUCUG----CUGUGCUGCCUGCUU---GUCCACGCUU,AAAGUCAGGCCCGGGGCU----CCCGGCCACCGC--AUG----UUCUUG--AA-----GCGGUGCUGCCUGAAAGA---CGAGAAAU
UCAGUCAGGCCG---CGU-------CGCCACU----CGGU---GCGUGC--AGCGG----GGUGCUGCCUGAUUC----GCGCGCUA,CUUGUCAGGCCUCGCUAAGU--GUGAGCCACUCG---------AAAGGG--CC-----CGAGUGCAGCCUGUUUU----CCCUUUAU
AUUGUCAGGCCU---UGUA------GGCCACC----CAACGC-CGCCCCGCG--------GGUGCAGCCUGG-----GCGGGGCGGG,CUUGUCAGGCCGCU-GUUCGA--AGCGCCACGGG---------GAAGCGG-AC-----CCCGUGCAGCCUGUUCUU--UCGCUUUUU
CGUGUCAGGCCUA--CCAC-----UAGCUACGU----------CGGCCCCGGC------GCGUGCAGCCUGCUGGCCCGGGGCCGCU,UUUGUCAGGCCCAG-UUUUU---CUGGCCACCUCC-G------CAGGA---UCA---GGGGGUGCAGCCUGUUU------UCUUGAU
AUAGUCAGGCC----UCAACU-----GCCACUU----------GUGCCCCGAA------GGGUGCUGCCUGUG----CGGGGCGCUC,AAAGUCAGGCCGUC-GAUAA---GACGCCACGUCC-U------UUUCUGC-C-----GGAUGUGCUGCCUGAA-----GCGGGAAUU
AAUGUCAGGCCU---UCAGUGA---GGCCACG----GG-----GCGUGGCGAGGAU----UGUGCAGCCUGG-----CGCCGCGCAC,UUUGUCAGGCCUCUCCUCG---GAGAGCCACGU---G------GGUCGGUGC-------ACGUGCAGCCUGGUUU--CAUCGGUCAU
AAAGUCAGGCCG---GCG-------UGCCACC----AAAG---CCGCGCCCAA-------GGUGCUGCCUGAAGU--GGGCGUGGAG,AUAGUCAGGCCACCCUUCCU--GGGUGCCACUUG--A------AUUCUG--CCCU---CGAGUGCUGCCUGUAAA----CGGAAUCU
CUUGUCAGGCCUC--GUG------GAGCUACC----GG-----GGCCGAGCAU-------GGUGCAGCCUGGAC---GCUCGGCCAA,AAAGUCAGGCCCCGCUCCG---GUGGGCCACGCCG--------GUACG---A-----CGGCGUGCUGCCUGUGAAU----CGUAUAU
CUUGUCAGGCCGUAUGAC----GUGCGCUACG----UUU----CGCCGCG-CC-------CGUGCAGCCUGUCGUUG-CGCGGCGUC,UUUGUCAGGCCCGGCAUCAC--GCCGGCCACGAU---------GGGGAAA-AAA----AUCGUGCAGCCUGU------UUUCUUUUU
GAAGUCAGGCC----AGCAUUC----GCUACCGU--C------GCGUGCCGC------GUGGUGCUGCCUG------CGGUGCGUCG,CAAGUCAGGCCACGCUAU----GCGUGCCACCGG---------UUUGGU--UU-----CCGGUGCUGCCUGUAAA----AUCAAGAA
GAUGUCAGGCCGU--CCUCUA---AUGCUACU----C------GCCGAUCGGCC------GGUGCAGCCUGGAAAG-CGGUCGGCUG,AAAGUCAGGCCCCCGUACGU--CGGGGCCACGGU--AUCA---UUUGUA--A------ACCGUGCUGCCUGAAA-----UGCGAGAG
AAUGUCAGGCCGUG-CUUGU---CACGCCACU----ACGUG--GCCCGUUUAU-------GGUGCAGCCUGAGCCA-GAGCGGGCAG,AAAGUCAGGCCCGUCUAAU---GACGGCCACCAC---------UUUCCG--CU-----GUGGUGCUGCCUGUGAAAU--CGGAAAAA
UCAGUCAGGCCG---GGUC------CGCCACC----UGUU---GGCCGGGCGUU------GGUGCUGCCUGGUGUCUGCCCGGCCGA,AGUGUCAGGCCCGCCUUUAC--GGCGGCCACGAUUG-------UUUCC---U----CAGUCGUGCAGCCUGUUU------GGAAAGU
CGAGUCAGGCCGG--UAUUAA---UCGCCACU----GUU----GGUUCUCGAUCU-----AGUGCUGCCUGGC----CGGGGGCCGA,UUUGUCAGGCCCGC-GUUAA---GCGGCCACGUAC--------GAUGGG--AG----GUACGUGCAGCCUGUUUC----CCCGUUUU
GAUGUCAGGCCC---GCGG------GGCCACG----GA-----CUUCGGGGGAUU-----UGUGCAGCCUGCCCGU-CCCCGGGGCG,AGUGUCAGGCCCGG-GUUAA---CCGGCCACGA---U------UUUCC---CCGU----UCGUGCAGCCUGUUU------GGAAAUG
GCAGUCAGGCC----CGCGAG-----GCCACU----AGUU---GGGCUGGCAG-------GGUGCUGCCUGCUCU--GCCGGCCCAC,UUUGUCAGGCCCAC-GUUA----GUGGCCACGUGA--------UAGUAC--U-----UCACGUGCAGCCUGUUU-----GUAUUGUU
AGUGUCAGGCCGUUUUAUU---GGACGCCACG----UAG----CCCGGUCGCGAU-----CGUGCAGCCUGUCUA--CGGCUGGGUA,AAAGUCAGGCCCUCCGGUCA--GGAGGCCACUGC--A------UGACGUG-UU-----GUAGUGCUGCCUG-------UGUGUCAAG
GGAGUCAGGCCAG--GGUCA----CUGCCACAU---A------CGCCCCCGCA------AUGUGCUGCCUGGCC---CGGGGGUGGA,UUUGUCAGGCCCAGUUUAGU--AUUGGCCACGCGU--------GAAC----AACGG-ACGCGUGCAGCCUGUUUUU-----GUUUUU
AAAGUCAGGCC----ACGGU------GCCACG----U------UCGCGGACGGCGA----CGUGCUGCCUGCG----GUCCGCGAUG,UUUGUCAGGCCCGGCUAGA---GCCGGCCACCGUG--------GGGCGGG-A-----CGCGGUGCAGCCUGAAUU---CCUGCUUAU
GAAGUCAGGCC----CGUAC------GCCACCC---CUG----GGCGGGC-CG------GGGUGCUGCCUGUCCAG--GCCCGCCGC,AGAGUCAGGCCGA--GAUGCUA--UCGCCACCC---GU-----UGCCGU--ACAAA---GGGUGCUGCCUGGAU-----GUGGCAAA
CUAGUCAGGCCC---UCAGCGC---GGCUACG----GCGUC--CGCCGCGCC--------CGUGCUGCCUGG-----GCGCGGCGCC,CAAGUCAGGCCAUGGAAAC---CCAUGCCACCG---CG-----UAAUUUG-A-------CGGUGCUGCCUGUGUC---CAAAUUGUA
CUUGUCAGGCCGC--ACUCUC---GCGCCACG----UACG---GGGUGCCGG--------CGUGCAGCCUGGAACCUUGGCACCCCU,AAAGUCAGGCCCGGUAAAAA--GCCGGCCACGUGU--------GUGGC---A-----ACGCGUGCUGCCUGUAAUC----GCCAUCC
AGAGUCAGGCC----CCAGUAU----GCUACG----GGAAC--GGACUUCCCA-------CGUGCUGCCUGACG---GGGGGUCCCU,UUUGUCAGGCCCGG-UUUAAUU-CCGGCCACGU---UU-----AAACGAA-U-------ACGUGCAGCCUGUUUUC--UUUGUUUUU
CUAGUCAGGCC----AUGCUU-----GCCACG----GGA----GGGGUCCGCCU------CGUGCUGCCUGGAUACUCGGGCCUCUC,UUAGUCAGGCCCAC-GUUA----GUGGCCACGGG--A------AUAUCGC-CC-----CCCGUGCUGCCUGUUUUC--GCGAUAUAU
UUAGUCAGGCCCG--UUGAAGA--UGGCCACAC---G------CGGGCGCGCGAU----GUGUGCUGCCUGGGCAUCCGCGCCCGCG,CUUGUCAGGCCCGG-ACUC----CCGGCCACGGUG--------UAAGGGG-U-----CACCGUGCAGCCUGUUU----UCCCUUAUU
GCUGUCAGGCCGC--CCGUU----GCGCUACA----UUAUUU-GGCGGCCGG--------UGUGCAGCCUGUAA---UGGCCGUCCG,GUUGUCAGGCCCGGCAUCA---GCCGGCCACCC---U------CUAAGC--CUCAA---GGGUGCAGCCUGU-------GUUUGGUC
CAAGUCAGGCCUGA-CCCUG---UUGGCCACU----GUU----GACGCGCCCGGA-----AGUGCUGCCUG------GGCGCGUCAA,ACUGUCAGGCCGAAGAUCC---CUUCGCCACGG---C------AAAGCAG-GG------CCGUGCAGCCUGAAUCUA-CUGCUUUUU
GCUGUCAGGCCU---GAGGCCG---GGCUACUG---G------CGGGCCG-GUAG----CGGUGCAGCCUGA------UGGCCCGUU,UGUGUCAGGCCCGGUUCAUU--GCCGGCCACUUG---------GGGUAGG-UGAC---CAAGUGCAGCCUGUUUAGU-UCUGUUCGU
UCAGUCAGGCCCGUAAUUCC--UACGGCUACA----CUG----GGGCGGCCGA-------UGUGCUGCCUGCCGCC-GGCCGCCUCA,AAAGUCAGGCCUAGCAAUUC--GCUAGCCACGGG---------GGACGUGUA------CCCGUGCUGCCUGAAACC-ACAUGUCCAU
UUUGUCAGGCCC---AGCUGG----GGCUACG----AUUA---CGGCCGGGGC-------UGUGCAGCCUGUUGCG-CCCGGCCGGA,AAAGUCAGGCCAGGGUGUAU--CCCUGCCACCGU---------GAUGGCG-A------ACGGUGCUGCCUGACAAA--CGCCAUUUU
UAAGUCAGGCCC---UGCGAG----GGCCACCUCC--------GCCCGGGGC-----GGAGGUGCUGCCUGAGUGCCCUCCGGGCGA,CUUGUCAGGCCCGUGGAAUA--CACGGCCACGUCC--------GGGCGGGGA-----GGACGUGCAGCCUGAUUCA-CUCCGUUCUU
GAUGUCAGGCCCA--AACGAG---UGGCUACG-----------CCGGGGCCGGUAA----CGUGCAGCCUGCCCUCCGGCCCCGGUC,UUAGUCAGGCCAGC-UUUCUU--GCUGCCACUCAC--------UAAGAUCAU-----GUGAGUGCUGCCUG------UGGUUUUGUU
GAAGUCAGGCC----UCUAG------GCCACU----GGACA--CCCGACGCUC-------AGUGCUGCCUG------GUGUCGGGGC,AAAGUCAGGCCCGGCUAGU---GCCGGCCACUCCCG-------GAUCGG--G----UGGGAGUGCUGCCUGUAAA----UCGAUCAA
CAAGUCAGGCCGUU-UAACCUA-GACGCCACC----UAGUGC-GGGCGGC-CU-------GGUGCUGCCUGAAUUAC-GCCGCCCGG,AGAGUCAGGCCCCAGUUUU---CUGGGCCACCGCC--------UUUCGUC-U-----GGCGGUGCUGCCUGU------GGUGAAAAG
CCAGUCAGGCCA---AUA-------UGCUACG----AGG----UGGGGCGCC--------UGUGCUGCCUGACUGU-GCGCCCUGUC,UUUGUCAGGCCCCCGGGAA---CGGGGCCACUUGU--------GGAGC---G-----GCAAGUGCAGCCUGUGUUUA---GCUUUUU
UCUGUCAGGCCG---CAUGUC----UGCCACC----UAU----CGCGGGCGAGAG-----GGUGCAGCCUGGCCUUGUGCCCGCGUA,UUUGUCAGGCCCGC-UACG----GCGGCCACCAC--G------AAAUG---AA-----GUGGUGCAGCCUGUUUCCU---CAUUUUU
GCAGUCAGGCCGGA-UCAGCGU-UCUGCUACU----AUA----GCGCCUCCCGGG-----GGUGCUGCCUGC-----GGAGGCGCCC,AAAGUCAGGCCACCCAUGAA--GGGUGCCACGGG--A------UGGCGUG-UU-----CCCGUGCUGCCUGUUAUAU-CACGUCAAA
GGAGUCAGGCC----GCAGUAU----GCUACCAC--A------CGUGGAUGAG-----GUGGUGCUGCCUGCA----CGUCCGCGGA,AGUGUCAGGCCUCGGGUGA---CCGAGCCACUCC--AA-----AUUCCC--C------GGAGUGCAGCCUGUUUU----GGGAAUCG
GGUGUCAGGCCG---GGUC------CGCCACC-----------CCGCGGCCUCCC-----GGUGCAGCCUGAC----GGCCGCGGGC,UGUGUCAGGCCCAUCGAUAA--GAUGGCCACGUC---------UUUCGCU-C------GACGUGCAGCCUGU------GGUGAAGUU
UCUGUCAGGCCAG--ACAGA----UUGCCACUGA---------GCGGGUCCU------UCAGUGCAGCCUGCUAGCCGGACCCGUGU,UAUGUCAGGCCCGC-UUUU----GCGGCCACCCAG--------GAGGGCG-A-----CUGGGUGCAGCCUGUUC----CGCUUUUUC
AAAGUCAGGCCG---UCGU------UGCUACU----GAU----UGGCGUGCAUU------GGUGCUGCCUGUC----GCGCGCCGUA,AUUGUCAGGCCAGAGGAUCA--CUCUGCCACGUC--G------GGUACGG-AC-----GACGUGCAGCCUGUUUUAA-CCGUGUCUU
CCAGUCAGGCCG---UGUAA-----CGCCACAC---GCA----GGCCGCGGA-------GUGUGCUGCCUGGAGG--CUGCGGCCUU,UUUGUCAGGCCCAGCUAUU---GCUGGCCACCCA---------UGUGGGG-U------UGGGUGCAGCCUGUUUUU--CUCCGUAUU
GGAGUCAGGCCUG--AAG------CAGCCACA----GA-----CGAGCCG-AAGAC----UGUGCUGCCUGCAAC---UGGCUCGAA,UUUGUCAGGCCCAGCACCCA--GCUGGCCACGGG--GAU----AAAGCG--A------CCCGUGCAGCCUGUUUUUA--CGCUUUUU
UCUGUCAGGCCGUG-CCGUUAA-CGCGCUACC----GGUGA--GCCGGCACGC-------GGUGCAGCCUGU-----GUGCCGGCAU,AAAGUCAGGCCCAC-UAAUU---GUGGCCACGGG--G------UUGCGUGUA------CCCGUGCUGCCUGUAAAA-ACACGUGAAA
AAAGUCAGGCCC---GCUUAGC---GGCCACUUU---------CGGCGCCUGG-----AAAGUGCUGCCUGUU----AGGCGCUGAC,UUAGUCAGGCCUGGGAGAAA--CCCAGCCACGAU--G------AUGACC--GGG----AUCGUGCUGCCUGA-------GGUUGUAU
CGUGUCAGGCCCCAGACAA---CUGGGCCACCC---U------CGUGGGGGA-------GGGUGCAGCCUGGUAGG-CUCCCGCGUA,UUUGUCAGGCCCUCCGUAA---GGAGGCCACGUUC--------UGUCGGG-U-----GGACGUGCAGCCUGUGU----CCCGGUAUU
UAAGUCAGGCCAC--ACAGCCG--GUGCUACU----GAA----CGGGCGGCUG-------AGUGCUGCCUGUGCUAAGCCGCCCGUU,AAAGUCAGGCCAUC-GAACUA--GAUGCCACCCC--UU-----AUUCGA--CAU----GGGGUGCUGCCUGUAAAA---UCGAAUCA
UAAGUCAGGCCC---CGG-------GGCCACCU----------GCUGGGCGGUC-----GGGUGCUGCCUGUCAUGGCGCCCAGCAU,UAAGUCAGGCCCGG-GUAUAG--CCGGCCACGAG--C------CAACCG--AAUC---CUCGUGCUGCCUGA-------CGGUUGAG
CCAGUCAGGCCCAG-CCA-----CUGGCCACA----CA-----GCCCGUUUGA-------UGUGCUGCCUGCA----AGGCGGGCAC,AUAGUCAGGCCUGU-GCGA----AUAGCUACUGUC-AC-----UGC-----G-----GGCAGUGCUGCCUGAGGA-------GCGCC
CAUGUCAGGCC----UAAAGGG----GCUACCCU---------GGACCCGGA------GGGGUGCAGCCUGCUGGAUCCGGGUCCAU,AAAGUCAGGCCAGAGGAUUG--CUCUGCCACCCUC-U------UUUGUCG-U-----GAGGGUGCUGCCUGUAGAU--CGACGAAUA
ACUGUCAGGCCGU--UGUCGUA--AUGCUACAC---C------GGGCGCGGU-------GUGUGCAGCCUGUUGC--CUGCGCCCCG,AAAGUCAGGCCCAGCUUUU---GCUGGCCACAGC---------UUUCUUC-U------GUUGUGCUGCCUGU------GGGGAAAAA
CAAGUCAGGCCUG--UGGGCGA--UGGCUACU----AGG----GGGGCC--AGGG-----GGUGCUGCCUGAGCAU---GGCCCCAA,UUAGUCAGGCCAAGGACCC---CCUUGCCACAGUA--------GUUCGCG-UA----UACUGUGCUGCCUGUUUUUC-CGCGAGUUU
AAUGUCAGGCCAUU-CCUGAG--GGUGCCACAGG--A------CCGCGUG-A------UCUGUGCAGCCUGC------CACGCGGGC,CUUGUCAGGCCCGGCUCAAU--GCCGGCCACCGCC--------UUAGG---AUC---GGCGGUGCAGCCUGUUUUC----CCUAAUC
CCUGUCAGGCCC---AGUU------GGCCACUA---G------GGGCGGCCGUAU----UAGUGCAGCCUGACAAGGGGCCGCCCUU,CGAGUCAGGCCUCA-AAAGAGU-UGAGCCACG----AAU----GUCACGG-AA-------CGUGCUGCCUGAAAGAA-CCGUGGUCA
GCUGUCAGGCC----GGAUUAU----GCUACG----GUAA---GGCGCG--AUA------UGUGCAGCCUGGCG-----UGCGUUCC,CAAGUCAGGCCAGAUAAUC---GUCUGCCACCGG---------GGAGCCGAAC-----CCGGUGCUGCCUGAAGUAAUCGGUUCCAA
UCUGUCAGGCCG---GUGGU-----CGCUACG----UUGA---CCGGCCGUCU-------UGUGCAGCCUGGUA---GCGGCCGGUU,AAAGUCAGGCCCGG-UAAU----CCGGCCACCCG---------UUUGCG--UUU----UGGGUGCUGCCUGUAAAUC--CGUGAAAA
CCAGUCAGGCCC---ACCGU-----GGCUACA----UG-----CGCGCCGCAUAU-----UGUGCUGCCUGCUA---GCGGCGCGUU,UGUGUCAGGCCCGC-GAAAA---GCGGCCACCCC---------GGGUGAGGA------GGGGUGCAGCCUGUUUAGUCCUCGUUUUU
ACAGUCAGGCCC---AAGUU-----GGCUACG----AA-----UCCGGCCGGUA------UGUGCUGCCUGA-----CGGCCGGGAA,UGAGUCAGGCCCA--CUUAC----UGGCCACGUAC-G------UCCCCG--CG----GUGCGUGCUGCCUGAAUGA---CGGGGAAU
GUAGUCAGGCC----UACGUUG----GCUACUA----------CGGCCCGCGCGC----UGGUGCUGCCUG------GUGGGCCGUU,CAAGUCAGGCCAC--UUCAUU---GUGCCACCCC---------GUAUCGU-CCAA---GGGGUGCUGCCUGAACAAC-ACGAUAUAC
UAAGUCAGGCCUG--GCC------CGGCUACU----UGGU---CCCGCGGCAA-------AGUGCUGCCUGGAGU--GUUGCGGGAU,UUUGUCAGGCCCGC-UUUCU---GCGGCCACCUUGC-------GUAC----AUG--GUAAGGUGCAGCCUGUUUUU-----GUGUUU
CGAGUCAGGCCUACAUGUA---UGUGGCUACG----CU-----GCCGGGGCUA-------UGUGCUGCCUGGCU---GCCCCGGCGG,UUUGUCAGGCCUCGUUAAU---ACGAGCCACGAUG-U------GAAGGG--AG----CAUCGUGCAGCCUGUUUCC---CCCUUUUA
GUUGUCAGGCCUA--GUAUAG---UAGCCACGG----------GGGCCGGGAGAU----UCGUGCAGCCUGCC----CCCGGCCCUG,AAAGUCAGGCCACGCGAAA---GCGUGCCACGG---A------AAAUGUU-AACGA---CCGUGCUGCCUGUGA----AGUGUUUGU
AGAGUCAGGCCA---AGCGC-----UGCCACU----GCG----CUGCCCCGGUCG-----AGUGCUGCCUG------UGGGGCGGCG,UUUGUCAGGCCGUCCUUCU---GGACGCCACUCG---------GUAUGAGCGAA----CGAGUGCAGCCUGAA----GCUCAUGUAC
UCAGUCAGGCCC---AAAAA-----GGCUACU----GGAA---GUCUGCCAUC-------GGUGCUGCCUGCGA---UGGUGGGCUU,AAAGUCAGGCCCAGCAACC---GCUGGCCACGUG--GU-----UAUCACG-UC-----CACGUGCUGCCUGAAAAC--CGUGGUGAG
UUUGUCAGGCCUUA-AUGGACC-UGGGCUACGU---GCAG---GGGUCCCCG-------GUGUGCAGCCUGGCAA--GGGGACCCCC,AAUGUCAGGCCCGAUGUAA---AUCGGCCACGG---AUU----AUUACCG-CCC-----CCGUGCAGCCUGUAA----UGGUAGUUA
UUAGUCAGGCC----CGUCGGG----GCUACG----GU-----CGGUCGCGCAAG-----CGUGCUGCCUGAU----CGCGGCCGCG,CUUGUCAGGCCUCG-GUACUA--CGAGCCACGGA---------UGAGUGGGA------UCCGUGCAGCCUGUUC---CCCGUUUAAU
AGUGUCAGGCC----AGAAA------GCUACUU---U------GGGGGGGGA-------AGGUGCAGCCUGUCA---CCCCUCCCGC,AAAGUCAGGCCAGUGUCCGU--CACUGCCACACGC-U------UGUUCG--U-----GCGUGUGCUGCCUGUGAAU---CGAAUAAG
UUUGUCAGGCCGGG-CAGGGA--UUUGCUACUA---CCUU---GCCCGCGUU-------UAGUGCAGCCUGCCCAAUGCGCGGGCAU,AAAGUCAGGCCAGAGGAUCA--CUCUGCCACGGA---------AAUUUUC-A------UUCGUGCUGCCUGUG-----GGGAAUUGU
CUUGUCAGGCCUC--AGGAA----GAGCCACU----ACUAUC-CGGACCG-UG-------GGUGCAGCCUGGAUU---CGGUCCGUA,AAAGUCAGGCCAGAGGAACA--CUCUGCCACCUC--U------AAGUGCA-AU-----GGGGUGCUGCCUGUAAAA--UGCGUUUCC
GGUGUCAGGCC----AGGAAC-----GCUACAC---C------GGCCGGCCC-------GUGUGCAGCCUGCACUACGGCCGGCCAG,GAAGUCAGGCCCAGGUUCGU--CCUGGCCACGGUG--------UUUCU---U-----CAUCGUGCUGCCUGU--------GGAAAAG
GAAGUCAGGCC----AUGCUUA----GCUACUU---U------GGCGGGCGCCG-----AGGUGCUGCCUGGCG---CGCCCGCCUG,UAUGUCAGGCCUCC-AAUUAAC-GGAGCCACGGU--U------AGAGCGG-A------ACCGUGCAGCCUGAAA----CUGCUUUCA
ACUGUCAGGCC----CCGGAGU----GCCACG----ACAC---CGUGCCGGCU-------CGUGCAGCCUGAGUAACCCGGUACGCC,UUAGUCAGGCCAGC-UACUAAU-GCUGCCACGA---GCU----AGACG---AC------UCGUGCUGCCUGUUUUC----CGUCUCU
AAAGUCAGGCC----AAGUUG-----GCCACG----CCUCA--GUCCCCGGG--------CGUGCUGCCUGAAACUACCGGGGACGA,AAAGUCAGGCCAGCCUUUU---GGCUGCCACCGG---------UUUGUCU-U------UCGGUGCUGCCUGU------GGAUGAGAA
ACUGUCAGGCCG---CCAUG-----CGCUACU----CAUGC--GGCCGGCCA--------AGUGCAGCCUGGU----GGCCGGCCAC,UAAGUCAGGCCAGUGGAGUA--CACUGCCACUC---GUU----GGGACC--C-------GAGUGCUGCCUGUA------GGUUUUGU
UUUGUCAGGCCUUG-GAAC----UGGGCCACAC---AG-----GCGCCCC-UUGG----GUGUGCAGCCUGACGAAA-GGGGUGCCG,AAAGUCAGGCCCGG-UAAU----CCGGCCACGGG--G------CUUUCC--UA-----CCCGUGCUGCCUGU-------GGAAAGAA
CGUGUCAGGCCUGG-GGCCU---CCAGCUACA----CG-----CCGCUGCGAUC------UGUGCAGCCUGCGGG--CGCGGCGGUA,UUUGUCAGGCCCGC-AAU-----GCGGCCACUCC---------GUUGGG--UA-----GGAGUGCAGCCUGUUUUC---CCCAGUUC
CAAGUCAGGCCGGU-UGU-----ACUGCUACC----GUGU---UUCCCG--GUU------GGUGCUGCCUGCAAGCA--CGGGGGGA,AAAGUCAGGCCCGG-GAAA----CCGGCCACGUC---------GUGGUGU-A------GACGUGCUGCCUGUAAAA--ACACCGUCC
GUAGUCAGGCC----CCUGGG-----GCUACG----AAGGUG-GGGCGUCGG--------CGUGCUGCCUGGC----CGGCGCCUUU,AAAGUCAGGCCAGACGAAUA--GUCUGCCACCCCC-A------AUUUUG--C-----GGGGGUGCUGCCUGUGAU----CGGAAUAU
AUUGUCAGGCCC---CCGAG-----GGCUACG----CGG----CGGCGGG-UACC-----UGUGCAGCCUG-------CCCGUCGCG,AAAGUCAGGCCAUGCGAAA---GCAUGCCACGGC--U------AUUUCC--U------GCCGUGCUGCCUGU-------GGGAAUAA
GUUGUCAGGCC----UCCAAC-----GCUACAG---UA-----CCGGGCA-GGGG----CUGUGCAGCCUGCGGACC-UGCCCGGUA,AAAGUCAGGCCCGG-UUUU----CCGGCCACGGUU-U------CUUCAUA-U-----AACCGUGCUGCCUGUGAA---UAUGAAGUG
GGUGUCAGGCCU---AAC-------GGCCACU----C------CGGCGGGCUAC------GGUGCAGCCUGU-----GCCCGCCGGU,ACAGUCAGGCCACUGGUCCG--CAGUGCCACGG----------GAAGAG--AGUA----CCGUGCUGCCUGAAAUAG--CUCUUUAC
GUAGUCAGGCCC---GGCGAA----GGCUACCA----------GCCGCCGGGA------UGGUGCUGCCUGCU----CCGGCGGCGG,AAAGUCAGGCCAUACUAUU---GUAUGCCACGGUG--------GCUUCUC-UA----CACCGUGCUGCCUGU------GAGAAGUGU
AGUGUCAGGCCA---UAAU------UGCCACG----CACAC--GCGCCGCAU--------CGUGCAGCCUGGCAU--UGCGGCGUAA,AAAGUCAGGCCAAGCGUUUA--GCUUGCCACCCC--GG-----UUAGG---A------GGGGUGCUGCCUGUGAAU----CCUAAAU
CUUGUCAGGCCUA--UUAC-----UGGCCACU----AUG----ACCGGCCGGCCG-----GGUGCAGCCUGAUA---CGGCCGGUUG,AAAGUCAGGCCAAC-UUAGAU--GUUGCCACCC---GCUAGAAUUUGC---U-------GGGUGCUGCCUGGAAA-----GCGAAGA
CUUGUCAGGCCC---CCUU------GGCUACGU---CU-----UCGGCGCGUC------AUGUGCAGCCUGCGAA--CGCGCCGACG,UUUGUCAGGCCCAG-GUUCCG--CUGGCCACGGUC--------AAACACG-C-----GACCGUGCAGCCUGUUUU---CGUGUUUUU
AUAGUCAGGCC----UAAAG------GCUACG----UCC----CGGCGCGCGCU------CGUGCUGCCUGC-----GCGCGCCGGC,CAAGUCAGGCCCAGGGAUA---CCUGGCCACAUCCA-------GGGCUG--G----UGGAUGUGCUGCCUGUAAAU---CAGUUCCC
CAAGUCAGGCCCU--GAUC-----GGGCCACC-----------GGUCGCCCAAGC-----GGUGCUGCCUGGUU---GGGCGGCCUG,UUUGUCAGGCCUAUGUCUU---CGUAGCCACCAU---------GUACGUG-UUC----GUGGUGCAGCCUGUUCUC--CACGUGUUA
UAUGUCAGGCCGGA-AGAG----UUCGCCACG----CCGCUG-GGGCGGGCC--------CGUGCAGCCUGGUUUU-GUCCGCCCUA,AUAGUCAGGCCGCCCUCAU---GGGUGCCACGCU--C------UUUUGUCCG------AGCGUGCUGCCUGAA----GGACAAGAUC
UCUGUCAGGCCU---CAC-------GGCUACC----ACA----CUCCGGCGA--------GGUGCAGCCUGACA---CGCCGGGGUU,UUUGUCAGGCCCGC-GUUGA---GCGGCCACUUC--GU-----AGA-----CUUC---GGAGUGCAGCCUGUUUGUU-----UCUUG
CGAGUCAGGCCA---AGGCCCC---UGCCACCG----------UGCGGCCGGCUCC---UGGUGCUGCCUGCCC---CGGCCGUGUG,UUUGUCAGGCCCGC-UUUU----GCGGCCACCCGG--------GGGCGAG-A-----CUGGGUGCAGCCUGUUUU---CUUGUUUAU
CAUGUCAGGCCA---CUGCCUU---UGCCACG----UCA----CCGGGGCCAGA------CGUGCAGCCUGGGG---GGCCUCGGCU,UUUGUCAGGCCCCGGGUUUA--CUGGGCCACGGCC--------AAAAGC--C-----GGCCGUGCAGCCUGUUUUC---GCUUUUUU
UUAGUCAGGCC----GUACAG-----GCCACA----G------GGCCCGCGUCG------UGUGCUGCCUGAUAGGACGCGGGCCGU,UUUGUCAGGCCCUC-UUAU----GAGGCCACUUCG--------UGUGCGG-U-----CGAAGUGCAGCCUGUUUU---CCGUGUAUU
CUUGUCAGGCC----CCCGAG-----GCUACG----A------GGCGCCGUCCAGU----CGUGCAGCCUGGUGUC-ACGGCGCCCU,AAUGUCAGGCCUCC-CCAAA---GGAGCCACGG---GU-----AAAUCGAGUC------CCGUGCAGCCUGUUUU--CUCGAUUUUG
ACUGUCAGGCCAA--CAGC-----UUGCCACCG---GGU----CCCGUGG-U-------CGGUGCAGCCUGAUGCGG-UCGCGGGGA,UUUGUCAGGCCCGC-GUAUCUA-GCGGCCACGGA---------GUUGGGGCC------UCCGUGCAGCCUGU-----GUCCUAGUAU
CCAGUCAGGCCU---CUUA------GGCUACU----GGCCA--CCCGCCUGC--------GGUGCUGCCUGAGG---CAGGCGGGAG,CUAGUCAGGCCACUGGUGUA--CAGUGCCACCGA--C------UGAGGUG-CG-----UUGGUGCUGCCUGAAAAAU-CGUCUCAUA
ACAGUCAGGCCGGC-CCCCACC-GCCGCUACG----UAA----CGGCUGGGUACU-----UGUGCUGCCUGCUCC--CCCAGCUGAU,UUUGUCAGGCCCCUCGCUC---GAGGGCCACCGCA-UAC----AACG----U-----UGCGGUGCAGCCUGUUUU------CGUUUU
GAAGUCAGGCC----GCGAGC-----GCCACUG---UCG----GUGGGCCCG-------CAGUGCUGCCUG------GGGCCUGUAA,UUUGUCAGGCCCGG-UGUU----CCGGCCACGGUG--------UCAAC---UCAU--CACCGUGCAGCCUGUUUU-----GUUGAUC
GCUGUCAGGCC----AUAAU------GCCACUC---CA-----GCUCGGGCG-------GGGUGCAGCCUGUUGGAUGCCCGGGCCA,AUUGUCAGGCCCAUGUAAU---CAUGGCCACCGGC-G------UAAGC---A-----GCUGGUGCAGCCUGUUCCUA---GCUUAAU
AGAGUCAGGCC----UUAGU------GCCACG----AUGG---GUUGCGGUGGC------UGUGCUGCCUGU-----GCCGCGGCAA,CUUGUCAGGCCCUC-GUUA----GAGGCCACGGAU-U------CAAAUAA-U-----AUUCGUGCAGCCUGUUU----UUAUUUGUC
CAUGUCAGGCC----CUAAAAC----GCCACC----AGG----CGGGGCCGGUU------GGUGCAGCCUGU-----CGGCCCCGAC,UUUGUCAGGCCCAGCGUUGA--GUUGGCCACGGGU--------GGAGUAAGA-----GCCCGUGCAGCCUGUUUUCCUUUACUUUCC
UGAGUCAGGCCG---CACC------CGCCACAG---UGCU---CCGCCGC-U-------CUGUGCUGCCUGUCGAUG-GCGGCGGGC,GUAGUCAGGCCGCU-AAGUG---AGUGCUACGAGCU-------CCCCG---UC---AGCUCGUGCUGCCUGU--------CGGGGUA
AGAGUCAGGCCGCG-AUAAGG--CGCGCCACU-----------CGUGGGGACGCCU----GGUGCUGCCUGA-----UCCCCGUGUG,UUUGUCAGGCCCGC-UCUUCU--GCGGCCACCAAU-U------GAAGUG--U-----AUUGGUGCAGCCUGUUUUU---CGUUUCUA
GUAGUCAGGCCCUG-CCCAGC--UGGGCCACU----CGUC---UGAGUGG-AUGA-----GGUGCUGCCUGGCU----CCGCUCGUG,CCAGUCAGGCCGAUAGGAAG--UGUCGCCACCUC--AGA----UUUGUGG-A------GAGGUGCUGCCUGAAAAAC-CCGCGAGCC
UAUGUCAGGCCG---UCUCUU----CGCUACA----CG-----GGGGAAGCAUAUC----UGUGCAGCCUGGUCU--GCUUCCCCGU,AAAGUCAGGCCGUC-UAAA----GACGCCACCG---U------UUGUGUGUA-------CGGUGCUGCCUGAAGGA-ACGCAUAGAA
AAUGUCAGGCCGA--UUAAA----UCGCUACGAG--U------CCCACGG-UUA----UUUGUGCAGCCUGCGGAC--CCGUGGGAU,UUUGUCAGGCCCGGGGUUUA--CCUGGCCACUCGU-AG-----AUGG----AC----GCGAGUGCAGCCUGUUUUC-----CUAUUC
UUUGUCAGGCC----AUGAAAU----GCUACAG---C------CGGCGGGCGAA-----CUGUGCAGCCUGAAGGGAGCCCGCCGUU,AAAGUCAGGCCCGG-GAAAGA--CCGGCCACGCU---------UCUU----AAAU---AGCGUGCUGCCUGUGAA------AAGAAA
AUUGUCAGGCCA---ACAGCUU---UGCUACC----GCA----CCCGGCGAGA-------GGUGCAGCCUGCGCGC-UCGCCGGGCG,UAAGUCAGGCCAGGAGCCCA--UCCUGCCACGGC--U------UUGUCCUGUU-----GCCGUGCUGCCUGAC----CGGGAUGAAU
CUUGUCAGGCCG---CUU-------CGCCACU----AGU----CCUGCCGGCACA-----GGUGCAGCCUGGAUUU-CCGGCAGGGC,CUAGUCAGGCCAGG-GAAAA---CCUGCCACGGA--C------AUUUGG--A------UCCGUGCUGCCUGAAAUU---CCGAAUUU
GGAGUCAGGCCUU--CAUACCA--GAGCUACU----GG-----GCGCGGGCUG-------GGUGCUGCCUGUGCAG-GCCCGCGCAC,UAAGUCAGGCCCCAUGUAA---AUGGGCCACGGUC--------GAUUCCG-AG----GACCGUGCUGCCUGUAAUC--CGGAAUUUU
GCAGUCAGGCC----CAGAUU-----GCUACC----UA-----GAGUCUCGGACUA----GGUGCUGCCUGGGUCUGCGAGACUCUA,UUUGUCAGGCCCGACGUAA---GUCGGCCACGUCU-U------AAACCG--U-----AGACGUGCAGCCUGUUUCCC--CGGUUUUU
GCAGUCAGGCCUG--UGAAAA---CGGCUACU-----------CGGUCCCCUGGCC----AGUGCUGCCUGGACG--GGGGGCCGGG,AAUGUCAGGCCGGU-GAUGGA--ACCGCCACCAC---------AGUCUUGCCG-----GUGGUGCAGCCUGUUAAC-GCGGGAUUAA
CAAGUCAGGCCU---AGAUG-----AGCUACG----C------GGCCUCGGUCCAC----CGUGCUGCCUGAAACGAUCGGGGUUCA,UAUGUCAGGCCCCUCUUUU---GAGGGCCACGGG--AG-----CGUUCG--A------CCCGUGCAGCCUGUUUUU---CGAGUGUU
GGUGUCAGGCCUC--UACA-----GGGCUACG----ACUUCC-GCGGGGGUU--------CGUGCAGCCUGCCAUGUGCCCCCGUGU,CCUGUCAGGCCCACCGGU----GGUGGCCACGC---U------UAAGGGG-UU------GCGUGCAGCCUGAAA----UUCCUUAUC
GGAGUCAGGCC----UGUGCG-----GCUACC----AG-----CUCGCGGCGAAAA----GGUGCUGCCUGUAUCGGGCCGCGAGAA,UGUGUCAGGCCCUC-GUUA----GAGGCCACGG---AUCUA--AAAC----C-------CCGUGCAGCCUGUUU-------GUUUUU
CUAGUCAGGCCG---UUA-------UGCUACG----GAUACA-CUGCCCCCC--------UGUGCUGCCUGGAUAA-GGGGGCGGUC,CAAGUCAGGCCCCG-GUAA----CGGGCCACG----AAAG---AAGAUG--AAG------CGUGCUGCCUGAACC----CAUUUUAA
AUAGUCAGGCC----UCGGCU-----GCCACU----CCG----CGCCAGG-ACAGG----AGUGCUGCCUGGGCC---CCUGGCGCG,UCAGUCAGGCCCGC-UAAU----GCGGCCACCCC---------GAAGCGA-AACA---GGGGUGCUGCCUGAAA----UCGCUUUCC
GUAGUCAGGCCC---AGCUAU----GGCCACU----GUUGG--CGGGGGCCCC-------GGUGCUGCCUGAGCUACGGCUCCCGCU,UAAGUCAGGCCGACGGAAA---CGUCGCCACUCG---------GAUGCGG-A------CGAGUGCUGCCUGAAUA---CCGCGUUUU
UUAGUCAGGCCG---CAG-------CGCCACG----GU-----CCGUGCAGAC-------CGUGCUGCCUGUACUCGUUGCACGGCU,CGAGUCAGGCCUAGUUCGU---ACUAGCUACG----UU-----UGUUAUU-UUC------CGUGCUGCCUG-------GGUAACGCU
CCAGUCAGGCCU---UCCUU-----AGCUACC----GAAUG--GCGCCGGGGA-------GGUGCUGCCUGGGGU--CCCGGCGCCU,AAAGUCAGGCCACG-AAUAGAC-CGUGCCACCC---GAG----UUACUG--A-------GGGUGCUGCCUGAAUAUA--CGGUGAAU
CCAGUCAGGCCCAU-GUAC----GUGGCUACG----UA-----CCGGCCCCCAGCA----CGUGCUGCCUGGAU---GGGGCCGGGA,AAAGUCAGGCCACC-UAUUU---GGUGCCACGAUG--------GAUCCCUGA-----CAUCGUGCUGCCUGA-----CGGGGAUUGU
GGUGUCAGGCCGG--CUACCA---CCGCCACAC----------UGGGCGC-CCG-----GUGUGCAGCCUGA------GUGCCCGAU,GAUGUCAGGCCGGG-UUUAAGU-UCCGCCACGA----------UCGCACGGAAU-----UCGUGCAGCCUGAAAUAACCGUGCGGCU
ACAGUCAGGCCU---CCCC------GGCCACU----G------CGCAGCGGGUAG-----GGUGCUGCCUGCGUGC-CCGCUGCGGC,GAAGUCAGGCCCCA-UGUAU---UGGGCCACUCA--U------UCUCA---AAUCA--UGAGUGCUGCCUG---------UGAGAUA
GAUGUCAGGCCAGCGGCC----UGUUGCCACGG---A------CGGGCCCGC-------CCGUGCAGCCUGAGAGC-CGGGCUCGCU,AAAGUCAGGCCCCGGGAAAG--CCGGGCCACGAG---------GGUGAUC-UGUA---CUCGUGCUGCCUGUG-----GAUCGUUAA
CUAGUCAGGCCC---ACUC------GGCUACG-----------GGCCGGGUUUAC-----CGUGCUGCCUGC-----AUCCGGCCCA,AAAGUCAGGCCAGGGGUUA---CCCUGCCACGGGG-C------UUUCCC--U-----CCCCGUGCUGCCUGU-------GGGAAAAA
UGUGUCAGGCC----CACAG------GCCACU----CCA----CGCUCGCCCUGA-----AGUGCAGCCUGUAUAC-GGCGGGCGAA,UCUGUCAGGCCCGUCUACG---GACGGCCACGGU---------GGUGAGG-A------ACCGUGCAGCCUGUUUUC--CCUCGUUUU
GGUGUCAGGCCUUG-CGAAC---CGAGCCACG----G------GCGGCCGUAUUG-----CGUGCAGCCUGUUUAA-GCGGCUGUGA,CUUGUCAGGCCUAACUAAAU--GUUAGCCACUCC---------GGUAGGGUAC-----GGAGUGCAGCCUGUUUUU-GUCCUAUUAU
AAAGUCAGGCCGG--GCUUAU---UCGCCACU----CG-----CGGCGCGCGAAG-----AGUGCUGCCUGACAG--GUGCGCCGGG,AAAGUCAGGCCCCUCUAACU--GAGGGCCACACCG--------GUUCCG--A-----CGGUGUGCUGCCUGUAAUC---CGGAAUAA
UCUGUCAGGCCC---UCCU------GGCUACUA---ACA----GGCCGGGCA-------UGGUGCAGCCUGUGAAAGGCCCGGCCUG,UUUGUCAGGCCCAC-UUUAUU--GUGGCCACGGAU-CUC----AACGC---C-----AUCCGUGCAGCCUGUUUUU----GUGUUUU
CUUGUCAGGCC----AGGCCCC----GCUACU----CA-----GCGCCGGGUGAUC----GGUGCAGCCUGGGAGU-CCCGGCGCGC,AAAGUCAGGCCCCUCCUCG---GAGGGCCACGCGC-A------UUGGCU--C-----GCGCGUGCUGCCUGUGAAA---AGCCGAAA
GGUGUCAGGCCU---UGAACA----AGCCACU----UCUUAU-GCGCCCCCC--------AGUGCAGCCUGCAUU--GGGGGCGUUU,AAAGUCAGGCCCGAGUAAAU--CUCGGCCACGGGA-U------UUUGGUC-U-----UCCCGUGCUGCCUGUGAGA--GACCGAAUA
UCUGUCAGGCCC---GAGUU-----GGCCACA----AA-----UCCCCCGGUAUUC----UGUGCAGCCUG------CCGGGGGGGG,UAUGUCAGGCCUCGGGAAAA--CUGAGCCACGCU---------GAGGGUAGAA-----AGCGUGCAGCCUGAAA---CUGCUUUCCU
ACAGUCAGGCCG---GAUGUG----CGCCACG----C------GCCCGCGGCCAA-----CGUGCUGCCUGU-----CCGUGGGCCA,UUUGUCAGGCCCGC-AAUUC---GCGGCCACCCC---------AAAGGGC-A------GGGGUGCAGCCUGUUUUUA-GCUCUUUUC
UAAGUCAGGCC----UGGGUAA----GCUACUG----------ACCCCU--CCAC----UGGUGCUGCCUGCUCACA--GGGGGUAU,UUAGUCAGGCCGUCCUCUA---GGACGCCACGC---A------UUAGGGC-UUU-----GCGUGCUGCCUGUUUCAU-GUCUUAACC
UAUGUCAGGCC----CACGCAU----GCCACA----U------GUCGCCG-GUCG-----UGUGCAGCCUGGA-----CGGCGGUAG,AAUGUCAGGCCACUCGUAA---GAGUGCCACGGGC--------AUUCGGC-CC----GCCCGUGCAGCCUGUUUA---GCCGAAUUU
GUUGUCAGGCCG---AAA-------CGCCACG----AGGAG--GUGCGACCA--------CGUGCAGCCUGU-----GGUCGCGCCG,AAUGUCAGGCCCUCCUUGU---GGAGGCCACCCUG--------GAGUCGG-AG----CGGGGUGCAGCCUGAAAAAA-CCGGUUCAA
UGAGUCAGGCC----UCAAUU-----GCUACAA---U------GGGCCCCUACUA----UUGUGCUGCCUGAC----GGGGGCCCGC,AUUGUCAGGCCCGCCUGCUU--GGUGGCCACCUAA--------GGGUUGG-UG----UUGGGUGCAGCCUGUCUU---CCGGUCCUC
AAUGUCAGGCC----AUCUAGU----GCUACU----GC-----CGCCCCGAGU-------GGUGCAGCCUGAAUUA-UCGGGGCGCG,ACAGUCAGGCCACGAUACU---UUGUGCCACGCGC--------GGUCCCG-A-----GCGCGUGCUGCCUGACAC---CGGGACUAA
GGUGUCAGGCCGGG-AGA-----CUCGCCACA----UCU----GGGCGGGGUUU------UGUGCAGCCUGCCGA--CCCCGCCCCA,UUUGUCAGGCCCGCCCCC----GGCGGCCACGG----------UCACAG--UAACU---CCGUGCAGCCUGUUUUU---UUGUGGUG
AAUGUCAGGCC----UCGUCUG----GCCACG----CUA----GCUGGCGGCCG------CGUGCAGCCUGUAC---CCGCCAGCGC,UAAGUCAGGCCCGC-GAAAACA-GCGGCCACCG---G------UUACGCG-UCUA----CGGUGCUGCCUGACAAUC-CGCGUAAAA
CGAGUCAGGCCG---CAU-------UGCUACU----AGAG---CGCUCGC-CAA------AGUGCUGCCUGUUGCAC-GUGGGCGCU,UUUGUCAGGCCCGC-AAUC----GCGGCCACGGU---------GGUGAGG-A------ACCGUGCAGCCUGUUU----UCUCGUUUU
ACAGUCAGGCCAA--AGAACGU--UUGCUACA----A------GGGGGGCGACUUG----UGUGCUGCCUGGAUAC-CGCCCCCCGC,UAUGUCAGGCCUAUCGAAGA--GAUAGCCACGAG--G------AAUCCG--AG-----CUCGUGCAGCCUGUUUC----CGGAUUAU
UCUGUCAGGCCA---GCCAUUA---UGCUACA----UAUG---ACCGUGGCCUA------UGUGCAGCCUGUCC---GCCACGGUGU,AUUGUCAGGCCCAC-UUUAACC-GUGGCCACGUAC-C------GAUCUG--A-----GUACGUGCAGCCUGUUUUC---CGGAUUUA
AUAGUCAGGCCC---GUC-------GGCCACG----GCC----UAGCCGCCGCG------UGUGCUGCCUGGAAU--GGCGGCUGGG,UAUGUCAGGCCUCG-UAUCU---CGAGCCACGCU--GG-----AACGCGG-G------AGCGUGCAGCCUGUUAUU--UCGCGUUAU
UGUGUCAGGCCG---CCAU------CGCCACG----CGUGA--GCGUUACGCC-------CGUGCAGCCUGGA----UGUGACGCGU,GAAGUCAGGCCAGCGUUAU---CGCUGCCACCUUG--------GUUUUGU-A-----CGAGGUGCUGCCUGUGAA---GUGAAAUGU
GGUGUCAGGCCAUC-UGG-----GGUGCCACAGG--CC-----CGCCCGGCC------CCUGUGCAGCCUG------GUCGGGCGAA,CAAGUCAGGCCACG-UUUUAUU-CGUGCCACCCAG--------GGAACGG-A-----CUGGGUGCUGCCUGUAAUC--CCGUUUUUU
CGUGUCAGGCCC---CUU-------GGCUACCC---CA-----GACGCCCUAAC-----GGGUGCAGCCUGCG----AGGGCGUCAA,AAAGUCAGGCCAUCGAGGU---CGAUGCCACCUAA--------CCUUUCC-AG----UUGGGUGCUGCCUG-------GGGGGGGGA
GUAGUCAGGCCGUUGAUU----CGACGCUACA----AGA----CGCCGGCGA--------UGUGCUGCCUG------CGUCGGCGAA,AAAGUCAGGCCCCAGGAUUG--CUGGGCCACGG---AUCUA--UUAC----C-------CCGUGCUGCCUGUGAGA-----GUGAAA
CGAGUCAGGCCG---ACGCCC----UGCUACU----CA-----GCCCCGGGAUUCU----AGUGCUGCCUGCUUAA-CCCGGGGCGA,UUUGUCAGGCCCCUGGGUU---CAGGGCCACCGGU-U------AGUGGC--AG----AUCGGUGCAGCCUGUU------GUCGUUUC
GCAGUCAGGCCGCG-ACCAG---CGCGCUACU----UUC----CGGUCCCCG--------GGUGCUGCCUGGU----GGGGACUGAU,UUAGUCAGGCCCGGCUUAUU--GCCGGCCACGA----------GUUGAGC-CUC-----UCGUGCUGCCUGUCAUU--GCUCAGUUG
AUAGUCAGGCCG---UCAGUU----UGCCACA----AGAGAU-CCCCGGGCC--------UGUGCUGCCUG------GCCCGGGGCG,AAAGUCAGGCCCCGGUAAUU--CCGGGCCACGGG---------UUUGUGUCU------CCCGUGCUGCCUGUGA---GAUGUAAAAG
AUAGUCAGGCCG---AAGCCU----CGCCACU-----------GUCGCCCCCCCA-----AGUGCUGCCUGUCCGAGGGGGCGGCUA,AAAGUCAGGCCAUGGACU----CCAUGCCACCGG---------GUACUCG-UCA----CUGGUGCUGCCUGAAAAAA-CGAGUGUCU
AGUGUCAGGCC----AAUAA------GCCACU----CACAGU-ACUUGCGGG--------AGUGCAGCCUGUGGA--CCGCAGGUAC,CAAGUCAGGCCCAGCAUACA--GCUGGCCACGUC---------UAAGCUCUAAU----GACGUGCUGCCUG------AGGGUUUAAG
GAAGUCAGGCCU---UCUAUGU---AGCCACG----UUU----GGGGGCCGGGGA-----CGUGCUGCCUGG-----CGGCCCCCAU,AAAGUCAGGCCAAGGAAAAC--CCUUGCCACCGG--A------AGUGCG--GA-----CCGGUGCUGCCUGUGAAU---CGCGUUAU
AUAGUCAGGCCG---CAGUGUU---CGCUACG----G------GGGGGACGUGC------CGUGCUGCCUGUAUCA-CGUCCCCCUU,AAAGUCAGGCCAGACUCCAC--GUCUGCCACCGGA--------AUUGCG--CC----UCCGGUGCUGCCUGUAAAU---CGCGAUCU
ACAGUCAGGCC----UCCGGUC----GCUACG-----------CGCGCCCCACUAG----CGUGCUGCCUGAG----GGGGUGCGGU,AAAGUCAGGCCAGG-AUUCCC--CCUGCCACCACG--------UUUCGGU-CC----CGUGGUGCUGCCUGUAAAU--GCCGAAGAA
AAAGUCAGGCCAU--GUCGAAA--AUGCCACUG---U------GUCCGGAGCGG-----CGGUGCUGCCUGAUGU--CUUCGGAUGG,AAAGUCAGGCCCGACGAAAA--GUCGGCCACGGA---------GGUAUCG-AG-----UCCGUGCUGCCUGUAAU---CGAUGUCAA
GAUGUCAGGCCC---AUCG------GGCCACU----CGCG---CUCGGCC-G--------GGUGCAGCCUG-------GGCUGAGUG,CUUGUCAGGCCUGGGUCGCU--CCCAGCCACGUU---------GUUCACG-A------AACGUGCAGCCUGAGUA---CGUGAAUUU
UGAGUCAGGCCAC--UCCGG----GUGCCACA----GAC----GGCCGGGUGC-------UGUGCUGCCUGAC----GCCCGGCCAC,AAAGUCAGGCCAAC-UUUUUU--GUUGCCACGGG---------AAUCUG--CCG----CCCGUGCUGCCUGUGAAU---CGGAUUAU
AAUGUCAGGCCAC--UUUCGUC--GUGCUACGG---C------GCCGCGC-GCUCC---CCGUGCAGCCUGGCGAC--GCGCGGCUU,AAAGUCAGGCCAACUGUACA--AGUUGCCACGUC---------GUUGCGAUCCC----GACGUGCUGCCUGAAAAACAUCGCAAUAA
GCUGUCAGGCC----UCCGC------GCUACC----CGAGAA-CCCCGCC-G--------GGUGCAGCCUGGACAG--GGCGGGGAG,UUUGUCAGGCCCAC-UUCCC---GUGGCCACGUG--G------AAACAAAGA------CACGUGCAGCCUGUUUUU-UUUUGUUUAU
UAUGUCAGGCCG---UAGG------CGCUACU----GAU----CGGGCCGGAUA------GGUGCAGCCUGAU----CCGGCCCGGA,AUAGUCAGGCCAGAGUUUA---CUCUGCCACGAG--CUU----AUUUCC--U------CUCGUGCUGCCUGU-------GGGAAUUU
UUAGUCAGGCCU---CUGAGUC---GGCUACU----UCU----CGCGCGGUGC-------GGUGCUGCCUGCCGAGUGCCGCGCGAU,AAAGUCAGGCCACCCGUAAA--GGGUGCCACGCGG--------AAUGGGC-C-----CCGCGUGCUGCCUGUAA----GCCCGUUAU
GCAGUCAGGCC----AUCCU------GCCACGC---GA-----CGCGGCCGUCC-----GCGUGCUGCCUGA-----CGGCCGCGAA,CAAGUCAGGCCGAGGAAGAA--CCUCGCCACGCGC--------UGUGGGUGU-----GCGCGUGCUGCCUGAAAAU-CGCCCGUACC
ACAGUCAGGCCGGC-UAUGG---GUCGCCACG----CGA----CCGGGGCCGGGU-----CGUGCUGCCUGGUU---GGCCCUGGAC,AAAGUCAGGCCAGG-AACA----CCUGCCACUCC--CU-----UUUCGU--UU-----GGAGUGCUGCCUGAAUA----GCGAGAUG
AAAGUCAGGCC----CUACU------GCCACCA---UCGU---GCGCCCCGA-------UGGUGCUGCCUGGAUCAGCGGGGCGCGU,UGUGUCAGGCCUA--AGCAUA---UAGCCACGGGU--------ACUGGG--GA----GCCUGUGCAGCCUGUCGA----UCCGGUUU
CCUGUCAGGCC----CUUCCA-----GCCACG----AGUUC--CCGCCCC-U--------UGUGCAGCCUG-------GGGGCGGAC,UGUGUCAGGCCUUGCUAAU---GCAAGCCACG----AA-----AGGACC--ACGA-----CGUGCAGCCUG--------GGUUUUGA
CCUGUCAGGCCUGC-UAC-----GUAGCCACG----UG-----GGUUGGUGAA-------UGUGCAGCCUGUG----CGCCAGCCCA,AAAGUCAGGCCAGGCGAUA---GCCUGCCACGUUG--------GUUCUUU-G-----CGGCGUGCUGCCUGUG-----GGAGAGUGU
CAAGUCAGGCCGC--CCAGAUA--GUGCCACUG---AC-----GGGCCCUUA-------CAGUGCUGCCUGAG----AAGGGCCCUU,CUUGUCAGGCCUGUGGUGUA--CACAGCCACGGA--C------GGUGGGG-U------UCCGUGCAGCCUGUUU----CCUCGUUUG
GGAGUCAGGCC----AUCGCUG----GCUACG----UG-----CGCCCGUCUAGG-----UGUGCUGCCUGCUGCA-GGCGGGCGUU,AAAGUCAGGCCGGUCCCGUU--GACCGCCACCCU---------GCGUAGCGAGG----AGGGUGCUGCCUGGAGAAUUGCUGUGUUA
GAUGUCAGGCC----ACGCG------GCCACG----A------GCGCCUCCCUCG-----CGUGCAGCCUGCCA---GGAGGUGCUA,UUUGUCAGGCCCGA-UUCUGU--UCGGCCACCAG--CAA----AGUGAGC-G------CUGGUGCAGCCUGUUAUU--GUUCGUUUA
GAAGUCAGGCCU---UGGAG-----AGCUACA----C------GUCGUCCGCCCC-----UGUGCUGCCUGGCGCGACGGACGGCUA,AAAGUCAGGCCCAGCAAAC---GCUGGCCACCCCC--------GGGCGGG-A-----GGGGGUGCUGCCUGUAAAAA-CCCGUUCAA
UGAGUCAGGCCCA--AGGUCAC--UGGCCACUG---G------CCCGCGCGAAA-----CAGUGCUGCCUGCACC--CGCGCGGGGG,UUUGUCAGGCCCGG-GUCG----CCGGCCACGUA--GA-----GGAC----AA-----UACGUGCAGCCUGUUUUC-----GUUUUA
CUAGUCAGGCC----GAUCG------GCCACA----G------AGCCCGGGCUACG----UGUGCUGCCUG------CCCGGGCUAC,AAUGUCAGGCCCCGGUGCGU--CCGGGCCACGAGG--------GGUCCGUUA-----CCUCGUGCAGCCUGAA----AGCGGAUUAC
UUUGUCAGGCCG---CAU-------UGCUACG----AUA----UCGUCGUCAAUA-----UGUGCAGCCUGCG----GACGGCGGGC,AAAGUCAGGCCCGUCACACC--GACGGCCACCGUG-G------AUAUGU--AG----CACGGUGCUGCCUGUAAAAA--GCAUAUAA
GUAGUCAGGCC----UCGAGC-----GCCACCGG---------GGCAGCCGAU-----CCGGUGCUGCCUGC-----CGGCUGCCCC,UAAGUCAGGCCAUGUGUAAA--ACAUGCCACCGCU-A------AAACGC--CA----AGCGGUGCUGCCUGAGAA----GCGUUUAC
GAAGUCAGGCCC---GAACUUA---GGCCACU----AAAGC--CGCGCCACAA-------GGUGCUGCCUGC-----GUGGCGCGAG,AAAGUCAGGCCAGCCAUAAC--GGCUGCCACGGGG--------GACGCGA-AA----CCCCGUGCUGCCUGUAAAA--UCGCGUCAA
UCAGUCAGGCCG---UCCGUGC---CGCCACU----UAUCGG-GGUCUGGGA--------AGUGCUGCCUGGAUA--CCCGGGCCGA,UAUGUCAGGCCCUUGCCAG---CGAGGCCACCAU--G------GUUGG---AAGA---GUGGUGCAGCCUGGAAU-----CCGGCGG
GUUGUCAGGCCU---CUAAUCU---GGCCACG----AGCGGC-GCCGCCCCC--------CGUGCAGCCUGGCAGGUGGGGCGGCUU,UUAGUCAGGCCAACGUCUU---CGUUGCCACCCCA-C------AACGG---AA----UGGGGUGCUGCCUGUGGUC----CCGUUUU
UUUGUCAGGCC----UGUAAG-----GCCACU----AGC----GCUCGGCGUC-------GGUGCAGCCUGCUUA--CGCCGAGCAA,AAAGUCAGGCCAUGGGAUG---CCAUGCCACCC---GGUC---GUGUU---AA------GGGUGCUGCCUGUGAA-----AAUGUGA
ACAGUCAGGCC----CAGCG------GCUACC----ACGCC--UUGUCGCGA--------GGUGCUGCCUGAA----CGCGGUGAGC,AAAGUCAGGCCAAGCUCAU---GCUUGCCACGGG--AC-----AAUGCC--AAC----CCCGUGCUGCCUGUA------GGUGUUAA
GAAGUCAGGCC----CCCUUAA----GCUACU----UUCU---GGCCGGGCU--------GGUGCUGCCUGCGC---GUCCGGCCAG,UCUGUCAGGCCCAC-GAGAAA--GUGGCCACGUGU-U------AAAGCGG-G-----ACACGUGCAGCCUGAAAUUA-CCGCUUUUG
AAUGUCAGGCCG---UUUU------UGCCACCC---GG-----GGCCCCCGCAG-----GGGUGCAGCCUGAGACCACGGGGGCCAU,UAUGUCAGGCCUGCCUUUU---GGCAGCCACGGUC--------UUUGGUGCU-----GACCGUGCAGCCUGUUUCCCGCGCCAAAUU
CGAGUCAGGCC----GUGCU------GCCACCUG--UC-----UCGGCUCCU------CAGGUGCUGCCUGCUGCG-GGGGCCGAGA,UGUGUCAGGCCCGG-UAAGU---CCGGCCACGUA---------UUUUAGUCU------UACGUGCAGCCUGU-----GGUUAAAAGU
GCAGUCAGGCC----AAAUG------GCUACCG---CGUU---GGCUGCCCA-------CGGUGCUGCCUGA-----GGGCGGCCUA,UCUGUCAGGCCUCG-GAAAGAA-CGAGCCACCCU--U------UUUAGGC-CG-----AGGGUGCAGCCUGGUUAAC-GUCUAAAUC
CCAGUCAGGCCG---UGACCGG---CGCUACC-----------CGGGGCUCUGCAC----GGUGCUGCCUGAUGG--GGGCCCCGUA,UUUGUCAGGCCCGG-UAUCGU--CCGGCCACGGUC--------AAACGACGC-----GACCGUGCAGCCUGUUUUU-CGUCGUUUUU
GGUGUCAGGCC----UACGCU-----GCCACC-----------GGGUGCCCCUGCG----GGUGCAGCCUGACA---GGGCACUCGC,CUUGUCAGGCCCGGGUUCU---CCUGGCCACGUG---------GGAGGGU-A------CACGUGCAGCCUGUUUUU--ACUCUUUUU
ACUGUCAGGCCCUGGACAU---UCAGGCCACG----AUC----CUUCCUG-ACAUC----CGUGCAGCCUGGGGAU--CGGGGGGAG,AGUGUCAGGCCUCGCCCCAA--GCGAGCCACGG----------UUUCGGC-AAUAU---CCGUGCAGCCUGAGUAA--GUCGGAAAG
AAAGUCAGGCCC---AGUA------GGCUACU----GAGCC--CCGCGGG-AGG------GGUGCUGCCUGGCUC---CCCGCGGAG,CUUGUCAGGCCCGC-UCGU----GCGGCCACGUGG-G------AAAGA---AU----CCGCGUGCAGCCUG---------UUUUUUC
UGAGUCAGGCCA---UAUA------UGCCACG----UGCAU--GGGGUGC-U--------CGUGCUGCCUGGCU----GCGCCCCAA,UAUGUCAGGCCCGAGUUCU---CUCGGCCACGCGG--------AAAGGUCGA-----CCGCGUGCAGCCUGUUUCCCCGAUCUUUAA
AGUGUCAGGCC----UCCGAA-----GCCACG----AC-----CGUGCCCGAU-------CGUGCAGCCUGCAACAUCGGGCGCGGG,AAAGUCAGGCCCGAGGUAAA--CUCGGCCACGUC--A------UUUCGG--CUC----GACGUGCUGCCUGUAAU----CCGGAAAA
AUUGUCAGGCCU---AGA-------AGCUACG----CAGA---GCCCCGGGC--------UGUGCAGCCUGGGG---CCCGGGGUAU,UUUGUCAGGCCCGA-UUUAUU--UCGGCCACUCGU--------GAGUAGGGG-----ACGAGUGCAGCCUGUUUU--UCCUGUUUUU
CCAGUCAGGCCG---UUUC------CGCUACGG---CUA----UCCGCCGGU-------UCGUGCUGCCUGAG----CCGGCGGGAU,AAAGUCAGGCCCUGGAAAAC--CCAGGCCACCGU---------GCGUGUC-AA-----ACGGUGCUGCCUGAGAA---GACGUGUAA
CCUGUCAGGCCCG--GUA------CGGCUACAAG---------GCGUCGGGGU-----UUUGUGCAGCCUG------CCCGGCGUCU,CUUGUCAGGCCCCGCAUUC---GCGGGCCACGGAG--------UAAGGGG-U-----CUCCGUGCAGCCUGUUU----CCUUUUAUU
GGAGUCAGGCC----AUCCAG-----GCUACGG---CC-----CGCGGGGGAAU-----CUGUGCUGCCUGAA----CCCCCGCGGC,AAAGUCAGGCCAGC-UUUAUU--GCUGCCACGGGC-AU-----UUUCCU--C-----GUCCGUGCUGCCUGU-------AGGAAAAA
UAUGUCAGGCCGUG-CCCUCA--CAUGCCACGG---AGGG---GCUCCCCCC-------CCGUGCAGCCUGCGAUA-GGGGGGGCCU,AAAGUCAGGCCCGAUUGAAU--GUCGGCCACGGAG-C------UCUCCU--UG----CUCUGUGCUGCCUGG-------AGGAGAAG
GUUGUCAGGCC----UCCGCA-----GCCACA-----------GCGCCCGCUAUGA----UGUGCAGCCUGGC----GCGGGUGCUC,UAAGUCAGGCCAUC-UUAGU---GAUGCCACGAU---------CUUCGCG-CUG----AUCGUGCUGCCUGAAU----CGCGAAGUU
UAAGUCAGGCCGGCGAGUG---UGUUGCCACGU---CA-----GCGCCUGGAA------ACGUGCUGCCUGGG----CCGGGCGCUG,UGUGUCAGGCCCUCGUUUU---CGAGGCCACGGGG--------AAUCCGCGC-----CCCCGUGCAGCCUGUU----UGUGGAUUUU
UAUGUCAGGCCGU--CCG------ACGCUACUG---UG-----GCCUGGGGGC------CGGUGCAGCCUGUAACGGCCCCAGGCAC,AUUGUCAGGCCCGCCUUUU---GGCGGCCACGCG---------GGGCUUGGA------CGCGUGCAGCCUGUUUUUUUCGAGUUUAU
CAAGUCAGGCC----UAGUCC-----GCCACU----C------GCCGGCGGGCG------AGUGCUGCCUGGG----CCGCCGGCAA,UUAGUCAGGCCCGG-AAACAC--CCGGCCACGGAG--------GGUCCGCGA-----CUCCGUGCUGCCUGACA---CGCGGAUUAA
AUAGUCAGGCCU---UUAUA-----AGCCACU----GUUUA--CCCGACUGA--------GGUGCUGCCUGGCGACGCAGUCGGGUU,UAUGUCAGGCCCGCAGUUA---UGUGGCCACGGAC--------GAAAGGGCA-----GUCCGUGCAGCCUGAA----GCCUUUUUAA
CAUGUCAGGCCC---AUACCU----GGCCACUU----------GGGGUCGUCCG-----GAGUGCAGCCUGAU----GCGACCCCCU,AAAGUCAGGCCAGUCAAUC---GACUGCCACGGG---------GUAUCCC-AAA----CCCGUGCUGCCUGU------GGGAUGUGU
AUUGUCAGGCC----CUGGGU-----GCUACU----U------CGCGGCGGCUC------GGUGCAGCCUGCUCUG-UUGUCGCGCA,AAAGUCAGGCCAUC-GAUUA---GAUGCCACGGU---------GUUCCGG-A------ACCGUGCUGCCUGUGAAAC-CCGGAGUCU
CUAGUCAGGCCGAU-AAAUAC--AUCGCUACAG---CCA----UGGGCGCCAU------UUGUGCUGCCUGCGGC--GGCGCCCGAA,ACAGUCAGGCCCGAAGAGUG--UUCGGCCACGG---AUAAA--UGAUGC--C-------CCGUGCUGCCUGAAUAAC--GCAUUAAU
UCAGUCAGGCC----UCACUU-----GCCACU----CUA----UUCGGCCGGCC------GGUGCUGCCUGCGC---CGGCCGGGUC,UUUGUCAGGCCCGC-UAAU----GCGGCCACGGC---------UAAGGG--GU-----GCCGUGCAGCCUGUUUU----CCCUUGUU
UGUGUCAGGCCUGG-AUG-----UUGGCCACG----A------CGCGCGCUUAACA----UGUGCAGCCUGGGGC--GGCGCGCGUU,AAAGUCAGGCCAGC-GAAUGA--GCUGCCACGCGGC-------UUUCCC--U----GCCGCGUGCUGCCUGU-------GGGAAAAG
AGUGUCAGGCCGG--AGC------CCGCCACU----GUA----CGGCGGGGUUUC-----GGUGCAGCCUGCCUUCCUUCCGCCGAA,AGAGUCAGGCCAGC-UGUUAU--GCUGCCACCAC--G------UCUCC---UAUC---GUGGUGCUGCCUGU--------GGGGAAC
CCAGUCAGGCCAGG-CUGGU---UUUGCUACGU---GAU----CCCGCCC-G-------ACGUGCUGCCUGUGU----GGGCGGGUU,AAAGUCAGGCCACUCGUUUG--GAGUGCCACGGU--A------AUUUGC--A------ACCGUGCUGCCUGUGAAAA--GCAAAUAA
CUAGUCAGGCC----UCGAA------GCCACA-----------CCCCCCUGGUUU-----UGUGCUGCCUGGU----CGGGGGGGAA,UAUGUCAGGCCCGC-GUUUUA--GCGGCCACGAAG--------UUUCCGG-U-----CUUCGUGCAGCCUGUUU----CCGGAAGUU
GAAGUCAGGCCAU--AUACGC---GUGCCACG----ACGG---CGCCGCCGCA-------CGUGCUGCCUGCGACC-UGGCGGUGUC,UAUGUCAGGCCUCC-GUGUUUA-GGAGCCACGG---UC-----GUUG----AGAGU---CCGUGCAGCCUGUUUUC-----CAAUUU
ACUGUCAGGCCC---CAACGCC---GGCCACUU---ACCU---CGGGCGG-UU------AAGUGCAGCCUGCAC----CCGCUCGUC,AAAGUCAGGCCCCUCAUCC---GAGGGCCACUGC--GUA----UUUUCG--A------GUAGUGCUGCCUG--------UGAAAAAG
GUUGUCAGGCCUUGUGGC----ACGGGCCACC----GUA----GGGGGCGGC--------GGUGCAGCCUGUGAU--CCGCCCCCCA,UCUGUCAGGCCCGGAACUCA--UCCGGCCACCCA--UGA----GUGAG---AG-----UGGGUGCAGCCUGUUUAC----CUCGUUU
AGUGUCAGGCCCCU-GUACA---AGGGCCACU----GGG----GGGCGCCCUCAC-----AGUGCAGCCUGAAGACAGGGUGCCCGU,UUUGUCAGGCCCUC-UAUUU---GAGGCCACGAUG--------UUGGGG--U-----CGUCGUGCAGCCUGUUU-----CCCUAGUU
GCUGUCAGGCCG---UAGGCGU---CGCUACU----ACG----CGCGUCG-GU-------GGUGCAGCCUGCGC----CGGCGCGCG,AUUGUCAGGCCCGC-GUUU----GCGGCCACGGG--G------AGGGGGC-A------CCCGUGCAGCCUGACUCA--GCCCUUUAC
AGAGUCAGGCC----AAAGA------GCUACG----AUU----CCCCUGUCGC-------CGUGCUGCCUGUUAU--GGCAGGGGGA,CUUGUCAGGCCCGGGACAG---CCCGGCCACGG---UCACA--AAACG---CCC-----CCGUGCAGCCUGUUUUUU---UGUUUCU
UCUGUCAGGCCG---AAGAUU----CGCUACG----GGAUA--GGCCCCGGUG-------CGUGCAGCCUGUC----CCGGGGCCUU,CAUGUCAGGCCCGGGGAUG---CCCGGCCACUCCC--------GAUGAGCUA-----GGGAGUGCAGCCUGUUUAA-AGCUUAUUCC
CCUGUCAGGCCG---UAUU------CGCUACG----CUGGG--UUCGGCGGGU-------CGUGCAGCCUGAUG---CUGCCGAAAA,AAAGUCAGGCCCGG-UUUUGU--CCGGCCACGUUC--------UUUC----UCGUC-GAACGUGCUGCCUGU---------GGAAAA
ACUGUCAGGCCG---AGAUA-----CGCUACAG---CAG----GUCGAGC-A-------UUGUGCAGCCUGCUAGA--GCUCGGUAG,AAAGUCAGGCCAUCUGUACA--AGAUGCCACGGG---------UUUCCGA-CU-----CCCGUGCUGCCUGUGAA---UCGGAAAAA
CAUGUCAGGCCU---CGAA------GGCUACU----GGCCC--CCGGGGCCAA-------GGUGCAGCCUGAGCU--GGUCCCGGCC,AAAGUCAGGCCCUCCAACC---GGAGGCCACGG---AA-----CUUG----CUCA----CCGUGCUGCCUGUAAU------CAAGAA
ACAGUCAGGCC----CCAUCA-----GCCACGC---U------CACGCCGGUACC----GCGUGCUGCCUGUCA---CCGGUGUGGC,UUUGUCAGGCCCCUAUCAU---UAGGGCCACGUGC--------GGUGGGGGC-----GUACGUGCAGCCUGUUU---UUCCCAUUUC
UCUGUCAGGCCU---GCAUU-----GGCUACU----UUA----GGCGGUC-ACU------AGUGCAGCCUGUGUGUG-GACCGCCAG,UUUGUCAGGCCGGUGCUAC---CACCGCCACGUU---------GAUAGGGCG------AACGUGCAGCCUGAA----GCUCUAUUAG
AGAGUCAGGCCU---UUCG------GGCUACGG---G------CGCCGGGGCAGA----UCGUGCUGCCUGAGU---UCUCGGCGAC,UAAGUCAGGCCAAGCAAUAA--GCUUGCCACCGU---------GUUCGCG-A------AUGGUGCUGCCUGACAGA--UGCGAGUAA
UGAGUCAGGCCGGG-CUGAUAG-CCCGCUACU----C------GUGGGCG-AUUC-----AGUGCUGCCUGGUGC---CGCUUAUGC,UUAGUCAGGCCCACGGAGG---CGUGGCCACCG----------GCAGUGGGAAC-----CGGUGCUGCCUGAAAUA-UCCACUGUGC
CGAGUCAGGCCAC--CUGUU----GUGCCACA-----------GCGUGGGCGACA-----UGUGCUGCCUGUGCAUUGCUCGCGCUA,AAAGUCAGGCCCUCGGAAA---CGAGGCCACGGUG--------GAUCC---AG----CACCGUGCUGCCUGU--------GGAUCGU
ACAGUCAGGCCGG--CGUUG----UCGCCACG----UCCAAA-GCGCCGGCG--------UGUGCUGCCUG------GCCGGCGCAU,AAAGUCAGGCCCGG-AAAC----CCGGCCACUCC--UCU----UUUUC---UCU----GGAGUGCUGCCUGU--------GGAAAAA
GCUGUCAGGCC----GAAGAC-----GCUACU----GG-----CCGCGCCGCCCCC----GGUGCAGCCUGGGAAG-CGGCGCGGAA,AAAGUCAGGCCCAGGGUUA---CCUGGCCACCACA--------UUUCAC--U-----UGUGGUGCUGCCUGUAAAAA--GUGAAGAA
UGUGUCAGGCCC---UGAGU-----GGCUACU-----------GGGCAAGGUGCUG----AGUGCAGCCUGAGGUGCCCUUGCCCUA,AAAGUCAGGCCCGACAAUC---GUCGGCCACGUC--CCC----UUCC----CCCU---GACGUGCUGCCUGU---------GGAAAA
UGUGUCAGGCCUUG-CUCGC---CGGGCUACAC----------GCCCCCCGUU------GUGUGCAGCCUGAU----CGGGGGGCCA,AAAGUCAGGCCGUGCACUU---GCACGCCACGCG--A------AUUUUG--C------UGCGUGCUGCCUG--------CAAAAUAC
AUUGUCAGGCC----AUCAAAC----GCCACC----AUAG---CCGCCGCGU--------GGUGCAGCCUGU-----CGCGGCGGCG,UCUGUCAGGCCCACCAUUC---GGUGGCCACCCU--A------AAAGC---CA-----AGGGUGCAGCCUGUUUUAU---GCUUUCC
AUAGUCAGGCC----AUUCAGG----GCCACU----G------UGCCCAC-GCUCA----AGUGCUGCCUGUUGAG--GUGGGCGGA,AAAGUCAGGCCAAGCUAACU--GCUUGCCACCUCC--------GUACCCA-AA----GGAGGUGCUGCCUG-------UGGGUGUUU
UAUGUCAGGCC----GCCAGCU----GCCACU----ACCA---UGCCCGGGU--------GGUGCAGCCUGAAGAUCCCCGGGCGAC,AAAGUCAGGCCAGGGAAAUG--CCCUGCCACGGAG-C------CGAUCU--UA----UUCCGUGCUGCCUGU-------AGGUCGAA
AAUGUCAGGCCGC--UGCGAA---GCGCCACG----GGG----CGGCGCGUG--------UGUGCAGCCUGG-----GCGCGUCGGU,AAAGUCAGGCCCGG-UAACU---CCGGCCACGGUG--------AUUCC---CG----CACCGUGCUGCCUGU--------GGAAUGU
GCUGUCAGGCCG---CAAGCA----UGCCACGA---GC-----GCGGCGGCG-------UCGUGCAGCCUGUCU---GCCGUCGUGG,UUUGUCAGGCCCGCCCAUA---GGCGGCCACGG----------AAAGGU--CCCAA---CCGUGCAGCCUGA-------ACCUUUUU
CGUGUCAGGCCCG--GAUGAG---CGGCCACC----GAU----CGGGCGCGCAUA-----GGUGCAGCCUG------CGCGUCUGGA,AGUGUCAGGCCCAUCGAGUA--GAUGGCCACAGC--AA-----UUUUAGC-C------GCUGUGCAGCCUGU------GUUGAAAGU
UCUGUCAGGCCGA--CUGUCUG--UUGCCACG----UAUAU--CGGGCGUCG--------UGUGCAGCCUGAACA--GGCGCCCGUC,CAUGUCAGGCCCGC-AUUAC---GCGGCCACGGG--GA-----AAAGGG--AA-----CCCGUGCAGCCUGUUUUAA--CCCUUUCU
AAAGUCAGGCC----CGGCUGC----GCCACU----UAG----CCCCCCCGC--------AGUGCUGCCUGGCU---CGGGGGGGCG,AAAGUCAGGCCCUC-UAAUU---GAGGCCACGUC---------GGGGUG--AAAGA--GACGUGCUGCCUGAAAC----CGCCCUAA
CGAGUCAGGCCUUUGACAAU--UAGGGCUACUU---CUGG---GGCGGCCCA-------AGGUGCUGCCUGUA----GGGCCGCCUA,UUUGUCAGGCCUCCCACACA--GGGAGCCACACU--C------GGCGGGG-G------AGUGUGCAGCCUGGG-----UCCCGUUUA
ACAGUCAGGCCGGC-GUCGGAU-GUUGCUACG----ACU----GACGGCGGGG-------CGUGCUGCCUGUG----CCGCCGUCCG,UUUGUCAGGCCCAC-GUUG----GUGGCCACCCC--G------GAAGGUGGA------GGGGUGCAGCCUGUUUUU-UCGUCUUUUU
CUAGUCAGGCCA---AUGCAA----UGCCACU----GCA----GGUCGGGGGA-------AGUGCUGCCUGACUUAGUCCCGGCCUC,UUUGUCAGGCCUCC-UAUUU---GGAGCCACGUG--GU-----AAACGG--A------CACGUGCAGCCUGUUUU----CCGUUUUU
GCUGUCAGGCCGUC-CUUUCU--GGUGCUACG----UG-----CUGGGCUCGACU-----UGUGCAGCCUGU-----GGGCCCGGGC,UUUGUCAGGCCCAC-UUUUACU-GUGGCCACGAAG-ACA----AAACA---C-----CUUCGUGCAGCCUGUUUUUU---UGUUUCC
CGUGUCAGGCCG---GGCAAU----CGCCACC-----------GCAGCUCCUAACG----GGUGCAGCCUGAUA---GGAGCUGCGA,AAAGUCAGGCCAGCGGAUG---CGCUGCCACCGGU--------AUUUCC--ACG---ACUGGUGCUGCCUGUA------GGGAAUUU
AGAGUCAGGCC----GAAACGU----GCUACUU---AC-----CCCGCGG-GGUC----GAGUGCUGCCUGG------CCGCGGGCG,CUUGUCAGGCCCAUCGUCA---GAUGGCCACUCCG--------UAAGUGG-U-----CGGAGUGCAGCCUGUUUUU--CUACUUAUC
AAUGUCAGGCCU---UCUGAUU---AGCCACG----A------CGCGCCCCAUAAG----CGUGCAGCCUGCCGCG-GGGGCGCGUU,AAAGUCAGGCCACGGAAUC---CCGUGCCACGCGU--------UUUUGGU-U-----AUGCGUGCUGCCUGUGAAA--ACCGAAAUA
CAAGUCAGGCCGUGCGUA----GUACGCUACG----GAA----AGCGGCGCGUGG-----CGUGCUGCCUGUGGG--GCGCCGCUCC,AAAGUCAGGCCACUCUUUC---GAGUGCCACGGC--A------UUUCUCGUCC-----GCCGUGCUGCCUGAAUAA-ACGAGGGAAG
GGUGUCAGGCCUU--ACGUC----AAGCUACU----AC-----CGCUUCCGCC-------AGUGCAGCCUGUAA---CGGGAGCGAA,UUUGUCAGGCCCGC-UAUAUC--GCGGCCACUCC---------GUGCGGA-UUG----GGAGUGCAGCCUGUUU----UCCGUGUUU
GCUGUCAGGCC----GAAGU------GCUACC----ACGAA--UGGGGGCGCU-------GGUGCAGCCUGCC----CGCUCCCGGC,UCUGUCAGGCCGUCCGCAA---GGACGCCACGCG--C------AUGGAACGG------CGCGUGCAGCCUGUUUAUUCGUUCUAUUU
CUUGUCAGGCCGA--CUG------UUGCUACG----AACG---UGCUCGGGG--------UGUGCAGCCUGCAU---CCCGAGCGGU,UAUGUCAGGCCUCC-GAAA----GGAGCCACGG---ACU----AAUCG---CAAC----CCGUGCAGCCUGUUUCC----CGAUUUU
GCAGUCAGGCCG---GUUGCCC---CGCUACU----AAA----UCCGGGGUGUCG-----AGUGCUGCCUGGUC---GCCUCGGGCG,UUUGUCAGGCCCGG-GUAUA---CCGGCCACGUUGCUG-----AAUG----U----GCGGCGUGCAGCCUGUUUUU-----CGUUCU
AAAGUCAGGCCAU--GCCACG---AUGCUACGU----------GGCGCCGCCC------GUGUGCUGCCUGG-----GCGGUGUCGU,AAAGUCAGGCCCGC-GAAAUA--GCGGCCACGGGA--------UUUCGGU-U-----UCCCGUGCUGCCUGUAAAA--ACCGAAAAU
UAAGUCAGGCCGU--AUCUC----GCGCCACU----ACCGG--CGGGGUGCC--------GGUGCUGCCUGUCAAAAGCGCCCCGUU,UUUGUCAGGCCCGC-UUUU----GCGGCCACGGC--AU-----CAAG----UAUAC--GCCGUGCAGCCUGUUUUUU----CUUGUU
ACUGUCAGGCC----UUGCUGG----GCCACU-----------CCUGCGGGAAUG-----GGUGCAGCCUGCAUC--CCCGCGGGCC,AAAGUCAGGCCACG-UUUUAU--CGUGCCACUCU--AAU----UUAUUC--A------AGAGUGCUGCCUGUGA-----GGAUAAUG
GCAGUCAGGCCUU--UAAGCA---GGGCCACG----AAGA---UGCCCAGGCAG------CGUGCUGCCUGU-----CCUGGGCAAA,UCUGUCAGGCCCAC-AUUC----GUGGCCACCGC---------GUUGG---AAUG---GCGGUGCAGCCUGUUUUC----CCAAUUU
GUAGUCAGGCCC---ACCGU-----GGCCACU-----------UCGGGCGCGAGGA----AGUGCUGCCUGGGCU--GCGCCCGAUU,UGUGUCAGGCCUCCGAGUU---CGGAGCCACGGA--C------GAAAAUC-AG-----UCUGUGCAGCCUGU------GGUUUUUUU
CGAGUCAGGCC----CAGGUC-----GCCACAU----------CCGCCG--CACUA---GUGUGCUGCCUGUG------CGGCGGAU,CAAGUCAGGCCAGUCGAAA---GAUUGCCACGGGG--------GAUGCGUGA-----CCCCGUGCUGCCUGUAAUC-CGCGCGUUUU
GAAGUCAGGCCUC--UACGUC---GAGCCACA----AG-----CGGCCCG-ACAUG----UGUGCUGCCUG-------CGGGCCGAC,UUUGUCAGGCCCAUCUAAU---GAUGGCCACCGAG-A------AGUGGG--C-----CUCGGUGCAGCCUGUUUU----CCCGUUUA
UAUGUCAGGCCG---AGCAACC---CGCUACU----AGAU---CGGGCUG-U--------GGUGCAGCCUGACC----UGGCUCGAC,AAAGUCAGGCCACGCUUAU---GCGUGCCACGGUC-UC-----UUUCC---U-----GGCCGUGCUGCCUGU--------GGAAAAG
AAAGUCAGGCC----AGGGCG-----GCUACU----UACCGUGCGCGGC--GU-------AGUGCUGCCUGUAA-----GUCGCGCA,AAAGUCAGGCCAGUCAAA----GACUGCCACAGC--U------UAUUCUG-CC-----GCUGUGCUGCCUGUU-----CGGGAUAUA
UUUGUCAGGCCGC--GGCGAG---GCGCUACG----G------GUCGGUGGUAU------UGUGCAGCCUGGA----UCACCGACUG,AAAGUCAGGCCACCCGUUUG--GGGUGCCACCGC--GA-----CUUU----AUCA---GUGGUGCUGCCUGU---------GGAGAA
AGUGUCAGGCC----CAUUA------GCCACGG---UU-----CCCGGGCCCGU-----CCGUGCAGCCUGAGCUC-GGCCCGGGAG,CUUGUCAGGCCCGCCGUUG---GGUGGCCACCGG--UU-----AGUAGAGGU------CCGGUGCAGCCUGUUUUUCCCUUUAUUCA
UGAGUCAGGCCGU--UUG------GUGCUACAU----------GGGCGCG-GCGAC---AUGUGCUGCCUGGGCGAC-CGCGCUCUA,UUUGUCAGGCCCAC-GAUGA---GUGGCCACCC---GUAGUC-AAAG----A-------GGGUGCAGCCUGUUUU------CUUUUC
ACUGUCAGGCCUGG-UACAU---CUAGCUACC----A------UCUGCGCCCUA------GGUGCAGCCUGUGCGA-GGCGCAGAGA,CAUGUCAGGCCCCGGAGUCG--CCGGGCCACGAUC-G------AGGGC---AAG---GAUCGUGCAGCCUGUUUAAA---GCCUUUC
CCUGUCAGGCCU---CCUA------AGCCACU----UUUA---CCCGGCCGAAC------AGUGCAGCCUGUUCGUUCGGCCGGGUG,AAAGUCAGGCCAGGAGAAAA--UCCUGCCACGCG---------GUAUUGG-UCGA---CGCGUGCUGCCUGUAAGU--CCGAUGUAA
GAUGUCAGGCC----AUUAA------GCCACU----GG-----UGGCUCCCCU-------AGUGCAGCCUGC-----GGGAGCCGUA,AAAGUCAGGCCAUCCGUAAA--GGAUGCCACCAA---------GGUGCUU-AG-----UUGGUGCUGCCUGUAAA---AAGCGUUCA
CCUGUCAGGCCAGC-ACAACCU-GCUGCUACGG---AUAC---CUCGGGU-A-------UCGUGCAGCCUGCUAUGU-GCCCGGGCA,AAAGUCAGGCCGGG-GCUA----UCUGCCACAGC--G------CCGUUC--AA-----GUUGUGCUGCCUGUAG-----GAACGGUG
CAAGUCAGGCCG---UUACA-----CGCCACU----AAACAG-CCGCUG--UA-------GGUGCUGCCUGCCUG----CGGCGGUC,GAAGUCAGGCCAAGGGAUA---CCUUGCCACGUCC-C------UUUCC---CGC---GGACGUGCUGCCUGU--------GGAAAAU
CCUGUCAGGCCC---AUG-------GGCCACG----GU-----CGUCGGGCUCGGC----UGUGCAGCCUG------GCCCGGCGGG,UUUGUCAGGCCCUC-AUCC----GAGGCCACCAC---------AGUACGG-A------GUGGUGCAGCCUGUUUC---CCGUGUUUU
UAUGUCAGGCCGG--GAUUGA---CCGCUACGU----------GCCUGGCGCUG-----ACGUGCAGCCUG------CGUCGGGCCA,CAAGUCAGGCCAACGGAAA---CGUUGCCACAUC--U------GUUGUUUUAA-----GAUGUGCUGCCUGUAA---GAGACGAUUA
GAUGUCAGGCCCU--ACCAC----AGGCUACA----AU-----CCCGCGCGCGGU-----UGUGCAGCCUGGU----CGUGCGGGGA,AAAGUCAGGCCACCCAAUC---GGGUGCCACGUU--G------AGUUGGG-A------GACGUGCUGCCUGUGAAA--UCCAGUUAU
UCUGUCAGGCCGC--UCGCC----GUGCUACGU---CCU----CGGCCGUGG-------GCGUGCAGCCUGAGC---CGCGGCCGAG,CUUGUCAGGCCCCGGGUCA---CUGGGCCACACU--U------AAAGGG--AG-----AGUGUGCAGCCUG--------UUUUUUCA
GCAGUCAGGCCG---UAAG------CGCCACGU---G------GGGCUGGCUAC-----GCGUGCUGCCUGUC----GUCGGCCCGC,AAAGUCAGGCCCGAGGACA---CUCGGCCACGAUG-A------CUUU----C-----CGUCGUGCUGCCUGUG--------AAAGAG
UCUGUCAGGCCU---UUUGGU----GGCUACCU----------CGGCCGCUCGAA----GGGUGCAGCCUGGC----GGCGGUCGCG,UCUGUCAGGCCCCGGUUUU---CCGGGCCACCGC--A------AGUGGG--C------GCGGUGCAGCCUGUUUUU---CCCGUUUU
UCUGUCAGGCCCCGGUCCUG--CCGGGCCACU----UCUUU--UGGGGGCGC--------GGUGCAGCCUG------CGUCCCCGCU,UCUGUCAGGCCCAGGACAU---CUUGGCCACGUG---------UGGAGCG-U------UACGUGCAGCCUGGAAUUU-CGCUUCGUU
CUAGUCAGGCCCGC-GUGUAA--GCGGCUACC----GGAU---GCCCCGCUAU-------GGUGCUGCCUGUUUA--GGCGGGGCCC,UAUGUCAGGCCCGGCUAAG---GCCGGCCACGG---GGU----CUAGG---UUUAC---CCGUGCAGCCUGUUUU-----CCUAGUU
UUUGUCAGGCC----CGAAGGA----GCCACGA----------UGGCGCGGUA------UUGUGCAGCCUGCCG---UCGCGCUAAC,CAAGUCAGGCCCAC-GAUCAA--GUGGCCACAGAUG-------GAACG---AG---UAUCUGUGCUGCCUGUAAAUC---CGUUCAA
CAAGUCAGGCCG---ACACC-----CGCUACU----ACUG---CAGGGCG-UAC------GGUGCUGCCUGCAUG---CGUCUUGGA,CAAGUCAGGCCAUGCGAAC---GCAUGCCACCG----------UAACG---CAAAU---CGGUGCUGCCUGUAAAUA---CGUUAAA
GGUGUCAGGCCGCCCUUAA---GGGCGCUACG----UUCG---GCGCGGG-AAUG-----CGUGCAGCCUGGGCUCU-CCCGCGCAU,AUUGUCAGGCCCAC-UUAUUAC-GUGGCCACGAC--CUU----GGGG----UG-----GUCGUGCAGCCUGUUU-------CCUCUA
CGUGUCAGGCCG---GUA-------UGCUACC----UAAU---CGCCGGCGCU-------GGUGCAGCCUGA-----CGCUGGCGAU,UUUGUCAGGCCUCAGGUCA---CUGAGCCACCCUU--------GAGUCGG-A-----GAGGGUGCAGCCUGUUUC---CCGGUUUUU
UGUGUCAGGCCA---UCUUAAU---UGCUACUUU--A------GCGCCCGGA------GGGGUGCAGCCUGAGGUCACCGGGCGUCG,UCUGUCAGGCCGG--UCGGU----CCGCCACGG---G------AGUCAUG-AGUUA---CUGUGCAGCCUGGUU----CGUGGUUUA
AGUGUCAGGCC----AUCAGUU----GCUACU-----------UGCCGCGGAACC-----GGUGCAGCCUGAAGAA-CCGCGGCACU,UAAGUCAGGCCGCUCGAUG---GAGCGCCACAGA---------GUAACGG-A------UUUGUGCUGCCUGAAUAG--CCGUUGUAA
GUAGUCAGGCCU---GCCCGUU---AGCUACUG---GCA----UGGGCGGCA-------CGGUGCUGCCUG------GUUGCCCGAC,AGAGUCAGGCCAGC-UACACC--GCUGCCACGGCG--------UUUCCUGUU-----CGUCGUGCUGCCUGAAAUAAAUGGGAAGGG
GGAGUCAGGCCG---GUGA------CGCUACG----U------CGGCUGCGUGAG-----CGUGCUGCCUGUA----CGCAGCCGAU,UUUGUCAGGCCCGGGUUAU---CCCGGCCACGGC--G------AGUGGG--A------GCCGUGCAGCCUGUUUU----UCCGUUUU
AUAGUCAGGCCU---CGC-------AGCUACAA---UCA----GUGGCCCCGU------UUGUGCUGCCUGUCA---GGGGCCGCCU,UUUGUCAGGCCCGC-UAAU----GCGGCCACGUCG--------AAAGGG--CC----CGACGUGCAGCCUGUUUU----CCCUUUAU
AAUGUCAGGCCG---GAAAAC----CGCUACAUU---------CGCCCGGCCG-----AGUGUGCAGCCUG------GCCGGGCGGG,AGAGUCAGGCCAUCGGAACG--CGAUGCCACCGAG--------GAUCCAA-AG----CUUGGUGCUGCCUGAAUA---UUGGGUUUA
AUAGUCAGGCCUAU-UGUGGCA-GUAGCCACG----CGUUG--GGCUCGG-U--------CGUGCUGCCUGA------CCGGGCCGC,AAAGUCAGGCCAUGAUUGCU--UCAUGCCACGG----------GUUCGGC-UUU-----CCGUGCUGCCUGUU-----GCCGGAUAA
CCUGUCAGGCCUC--AGAGCA---GGGCCACACA---------GGCCGCACACG----UGUGUGCAGCCUGAGGA--GUGCGGCUUA,UUUGUCAGGCCCAC-GUUCA---GUGGCCACGGUC-GU-----AUGUCG--A-----GGCCGUGCAGCCUGUUUUUU--CGAUGUUU
CGAGUCAGGCCGGG-ACC-----CUUGCUACG----UGC----CGGCGGG-UAUG-----UGUGCUGCCUGA------CCCGCCGGG,UUUGUCAGGCCCGC-GAUAUA--GCGGCCACCGGA--------GGUGGGG-G-----UCCGGUGCAGCCUGUUUUU--CCCCGUUAU
UUUGUCAGGCCU---AUCCCUU---AGCCACU----AU-----AGGCCCCGGUCGU----GGUGCAGCCUGGCCCAACGGGGUUUGA,CAUGUCAGGCCCGUGUCAAC--CACGGCCACGGU--G------GAAAGG--AAAC---ACCGUGCAGCCUGCCC-----CCUUUCUC
ACAGUCAGGCC----ACAAA------GCUACU----UGUU---GAGCAGCGAA-------GGUGCUGCCUGU-----CGUUGCUCCA,CAAGUCAGGCCAGGCGAACA--GCCUGCCACGGU---------AAAAGG--ACC----GCCGUGCUGCCUGUAAAU---CCUUUUCA
AAUGUCAGGCCUGG-AAGAUG--CCGGCCACAU---AGU----GGGCGUCGAG------GUGUGCAGCCUGUUCUU-CGAUGCCCCG,UUUGUCAGGCCCAC-GUUUUA--GUGGCCACACGG--------GAUGGCG-A-----CCGUGUGCAGCCUGUUUCUC-UGCCAUUUU
GGAGUCAGGCC----ACUUG------GCCACG----U------CCGGCGGGUAUC-----UGUGCUGCCUGGAA---CCCGCCGGGG,AAUGUCAGGCCCGCAGUUGA--UGCGGCCACGA---G------UUAGG---UCUU----UCGUGCAGCCUGUU-------CCUAAAC
GCUGUCAGGCCG---UCUG------UGCCACCC---UGC----GGGGGCGCGU------GGGUGCAGCCUGUACG--GCGCCCCCAC,UUUGUCAGGCCUCG-UUAUU---CGAGCCACGG---UUUA---GUCGG---U-------CCGUGCAGCCUGUUUUC----CCGGUAU
CUUGUCAGGCC----CCAGGG-----GCUACC----GCC----GCGGGGCCUC-------GGUGCAGCCUGUA----GGUCUUGCCA,AUUGUCAGGCCACCCUAUU---GGGUGCCACGA---GG-----AGUCGAG-C-------UCGUGCAGCCUGUU-----UUUGAUUAC
AUUGUCAGGCCCGCGAAGGU--UGCGGCUACCC---A------UCCCAUGGUC------GGGUGCAGCCUGG-----CCGUGGGGAC,AAUGUCAGGCCCGC-AAAGUAC-GCGGCCACCGG---------GUUCGG--UC-----CUGGUGCAGCCUGUUU-----CCGAGUAA
UUAGUCAGGCC----AUGGGCG----GCCACU----UGCUGA-GGGGGGGGC--------AGUGCUGCCUGGGGAA-CCCCCCCCUA,UUUGUCAGGCCCGC-UUUCUC--GCGGCCACGGCU--------GGUCCAG-G-----AGCCGUGCAGCCUGUUUUAU-CUGGAUUUU
AUUGUCAGGCCUA--AAGCCAU--UAGCCACUA---GC-----UGGGCCGCCGG-----UGGUGCAGCCUG------GCGGCUCAAA,AAAGUCAGGCCACUCUAAUU--GAGUGCCACGCCG--------GUACGGGGA-----CGGCGUGCUGCCUGUAAA--UCUCGUGUAA
GAUGUCAGGCCC---UCCCC-----GGCUACU-----------GGCGGGGCGAACU----GGUGCAGCCUG------GCCCCGUCUA,AAAGUCAGGCCCAG-GAAAA---CUGGCCACCGUG--------GUUC----AG----CAUGGUGCUGCCUGUGAA------GAAUGU
CUUGUCAGGCCC---GUUACG----GGCUACG----UGUGUC-GGCCUCGCG--------CGUGCAGCCUGGCA---GCGGGGCCCU,AAAGUCAGGCCCGGGGAACG--CUCGGCCACGU---U------UUUCU---AUCU----ACGUGCUGCCUGUG-------AGAAGUA
AAAGUCAGGCCGGU-CGGUAU--AUCGCCACGUG--G------CGCUGUUCCG-----UAUGUGCUGCCUGUG----GGGCGGCGUA,UUUGUCAGGCCUCGGGUGAA--CCGAGCCACGGU--UC-----UGUGCG--U------GCCGUGCAGCCUGAA------UGCGCGUU
AUAGUCAGGCCU---UCC-------GGCCACG----CC-----UGCUCGGCGG-------UGUGCUGCCUGCCU---GCCGGGCACU,UCUGUCAGGCCUCCAGCAA---UGGAGCCACGUG--G------GGACGGG-GC-----CGCGUGCAGCCUGUUUUAA-CCUGUUUAC
CUUGUCAGGCCGAA-UGUUC---UUCGCCACA----UA-----GGGCGGCGGGC------UGUGCAGCCUG------CGCUGCCCUC,AAAGUCAGGCCCUCGGAAA---CGAGGCCACCGC--UG-----UUUCG---U------GCGGUGCUGCCUG---------UGGAAAG
CGUGUCAGGCC----GCCCAU-----GCCACU----GU-----GGUGCCCGGCCG-----AGUGCAGCCUGCCC---CGGGCACCUC,UUUGUCAGGCCCGG-UUCGU---CCGGCCACCGC---------GUGCA---UUG----GCGGUGCAGCCUGUUUU-----UGUGUUA
UGAGUCAGGCC----CGUUCGG----GCUACGG---CU-----GCCCGCCGUG------CUGUGCUGCCUGGAACA-CGGCGGGCUC,AAAGUCAGGCCCUGGGAAA---CCAGGCCACGUGA--------GUUCCG--UA----UCACGUGCUGCCUG--------UGGAAUGU
GGAGUCAGGCCC---CUGUGUC---GGCUACGG----------GGGGCUCGGA------UUGUGCUGCCUGCUGGAGCGAGCCCCAA,AAAGUCAGGCCAUGUGAAAA--ACAUGCCACGGG--UCUA---UUUCUC--U------CCCGUGCUGCCUGU-------GGGAAAAA
CCUGUCAGGCCUU--UUUAGUC--AGGCCACU----UACAGA-UGCGCGCCU--------AGUGCAGCCUGUCCAC-GGUGCGCGAU,AAAGUCAGGCCCCCGGUAA---CGGGGCCACGAC--C------CUUU----UAA----GUCGUGCUGCCUGU---------GAAGAA
AUAGUCAGGCCUUC-CUGCGG--GGGGCCACU----GGCCU--UGCUCGGGGA-------AGUGCUGCCUGAAAUAACCCGGGCGCC,CCUGUCAGGCCUCGUUUA----GCGAGCCACCG---U------UUUCGGUUUA------CGGUGCAGCCUGAAAUACAACCGAAGUC
ACAGUCAGGCCA---GCGUA-----UGCCACCA---UC-----GCGCCUGGC-------UGGUGCUGCCUGAA----CCAGGCGCAC,AAAGUCAGGCCCAC-GAAAAAA-GUGGCCACCG---U------GAGUUGU-GUAA----CGGUGCUGCCUGGAA----ACAGUUUUU
AUUGUCAGGCCAAA-UCCCGCU-UUUGCCACC----CAGC---GCCCGCCCUCC------GGUGCAGCCUGGAAG--GGGCGGGCUA,AAAGUCAGGCCACACGAAA---GUGUGCCACCCCC-U------UUUCCCU-U-----GGGGGUGCUGCCUGU------GGGGAAAUU
CUUGUCAGGCCGGUCUAACG--GAUUGCCACC----AGGGUU-UGGGCGCGA--------GGUGCAGCCUGCGCCC-CGCGUUCAAA,GGAGUCAGGCCCGGAAUUCC--UCCGGCCACCGCG-G------AUCGCCG-A-----CGCGGUGCUGCCUGACAAA--UGGCGAUAA
CCAGUCAGGCC----GUUCGUU----GCUACGG---AG-----CCGGG---AUGAU---CCGUGCUGCCUGCUG------CCCGGCG,CUUGUCAGGCCCCUGAGUUC--CAGGGCCACCGG--UCA----AAGGGU--U------CCGGUGCAGCCUGUUUUC---ACCUUUUU
UUAGUCAGGCCC---CCACAGC---GGCCACAA---UAA----CCCGGGCCGC------UUGUGCUGCCUGACAC--GGCCCGGGUC,AAUGUCAGGCCCAG-UCUAU---CUGGCCACGU----------GAAUUGG-UAUA----ACGUGCAGCCUGAAU----CCGGUUUUU
UCUGUCAGGCC----UAUGCCA----GCUACU----AAUCA--CGGCGCCGA--------AGUGCAGCCUGUCGU--CGGCGCCGAU,UUUGUCAGGCCCUCCAUUC---GGAGGCCACGUC--G------AUGGGUG-A------GACGUGCAGCCUGUUUUC--CGCUUAUAU
AGUGUCAGGCCC---UUCA------GGCUACC----GCC----CUGCCGCCUCGG-----GGUGCAGCCUGUAAAGCGGCGGCGGCA,AAAGUCAGGCCAGAUAUGUC--GUCUGCCACCCC---------GUAUCCCAA------GGGGUGCUGCCUGAAGAA-UGGGAUGUAA
UUAGUCAGGCC----AGUCGA-----GCCACGGAG--------GGGCCGCGA-----CUCCGUGCUGCCUGA-----CGCGGCCUGA,AAAGUCAGGCCAGUGAAUC---CACUGCCACCGC---------AUUCGC--CC-----GCGGUGCUGCCUGUAAAAA--GCGAAUAA
CCUGUCAGGCCAUCGAAUC---CGAUGCUACC----GUGG---GGCGCGGUUCC------GGUGCAGCCUGCCAAG-ACUGCGCCCA,AAAGUCAGGCCCGG-GAGA----CCGGCCACGUC---------GGACUGG-A------GACGUGCUGCCUGUGAA---CCAGUUUUU
AUUGUCAGGCCCG--UUAC-----CGGCCACU-----------ACCCGGACGUCCA----AGUGCAGCCUG------GUCCGGGUCA,UUUGUCAGGCCCGC-UAAU----GCGGCCACGGUU--------AAAAC---GC----GACCGUGCAGCCUGUUUUUU---GUUUUUC
CAUGUCAGGCCG---GCCCGGC---UGCUACA----CUU----CCCUGGGCA--------UGUGCAGCCUGGU----GCCCAGGGAC,AAUGUCAGGCCGCC-UCCACCU-GGCGCCACGA---G------UUUCGG--UCCUC---UCGUGCAGCCUGUUU-----CCGAAGUA
CCUGUCAGGCCU---UUG-------AGCUACC----UCC----GGGGCGCCGA-------GGUGCAGCCUGUCAGU-GGCGUCCCUU,AAAGUCAGGCCAGACAACC---GUCUGCCACUCC---------UUUUCAACCU-----GGAGUGCUGCCUGUGAAU-GUUGAAAGUA
UCUGUCAGGCCG---GCUUGG----CGCCACCUA---------GUCCGCG-AU-----UAGGUGCAGCCUGCAAGC--CGCGGACGG,UUUGUCAGGCCCCAGUUAAU--CUGGGCCACUCGG--------GAAGGGG-GA----CCGAGUGCAGCCUGUUU----UUCCUUUUU
UCUGUCAGGCCU---ACAAGCU---GGCCACA----GGAC---GGCGCGCCCGU------UGUGCAGCCUGA-----GGCGCGCCUC,CUAGUCAGGCCCCCGAAAAC--CGGGGCCACAGCG-U------AAUGCGG-U-----CGCUGUGCUGCCUGAAAUC--CCGCGUUCC
UGAGUCAGGCCCUGGCUAU---UUGGGCCACC----GC-----CGCUGGGCGGG------GGUGCUGCCUGGA----GCCCAGCGCU,UAUGUCAGGCCUCC-UAUCU---GGAGCCACUCG---------GUGGGGAAA------CGAGUGCAGCCUG------UUCCCUGUUU
UUUGUCAGGCCCUA-CUCCUU--UAGGCCACAUU---------GCGGCC--GCGAC--AGUGUGCAGCCUGCU------GGCCGCCC,AAAGUCAGGCCCAUCUAAAC--GAUGGCCACAGC---------UUACGC--CU-----GCUGUGCUGCCUGUAAUCC--GCGUAAAA
AUUGUCAGGCC----UUUGG------GCUACU----UUGAGA-GGGGCCCGA--------AGUGCAGCCUGCGU---UGGGCCCCUG,AUUGUCAGGCCCGCCUAUU---GGCGGCCACGAAG--------GGAGCG--AA----CUUCGUGCAGCCUGUUUC----CGCUUUUC
ACAGUCAGGCC----CUGUUG-----GCCACG----CCGCU--GUCGGCGGG--------CGUGCUGCCUGUUC---UCGCCGGCAG,CUUGUCAGGCCCGU-GUGUA---ACGGCCACUCGU-G------GUUGGG--A-----GCGAGUGCAGCCUGUUUUAU--CCCAGUUC
GGUGUCAGGCC----UCAAU------GCUACUAU---------ACGCCCCUA------GUGGUGCAGCCUGAAUG--GGGGGCGUCU,AAAGUCAGGCCAGG-GAAA----CCUGCCACGGGG--------CAUUUCC-AA----CCCCGUGCUGCCUGU------GGGAAUGUG
ACUGUCAGGCCGUC-GUUCUCC-GAUGCCACU----CACGGC-UCGCGGGCU--------GGUGCAGCCUGUA----GCUCGCGAGU,AAAGUCAGGCCCGG-AAAC----CCGGCCACGACG-UA-----UUUUCC--C-----CGUCGUGCUGCCUGU-------GGAAAAGA
CCAGUCAGGCC----GCCUG------GCUACGU----------GGUGGGGAGCUGC---GUGUGCUGCCUGGCG---UCCCCGCCUA,UUUGUCAGGCCCGC-AUCAC---GCGGCCACGUCG--------GAUGAGU-AA----CGACGUGCAGCCUGUUCUCC-GCUCAUUAA
CCAGUCAGGCCGG--ACUAUC---UUGCUACAG---CU-----GGGUCGGGG-------CUGUGCUGCCUGGCGACUCCCGAUCCAG,UUUGUCAGGCCCGAGGAUCA--CUUGGCCACAGC---------UUUGGGUCUU-----GCUGUGCAGCCUGUUUUU-GAUUUAAGUG
ACAGUCAGGCCU---CUG-------GGCUACGC----------GCCUCCC-GGUA----GCGUGCUGCCUGUAUACG-GGGGGGCAC,AAUGUCAGGCCGGG-AGACA---CCCGCCACCGCG--------CAUUCCUCA-----CGCGGUGCAGCCUGAAUAAAGGGGGAUGGA
ACUGUCAGGCCC---UAUC------GGCUACG----UGU----UGGGGGUGGUU------UGUGCAGCCUGUCGGUGCACUCCCGCU,UUUGUCAGGCCCGCCACCC---GGCGGCCACACC--UA-----AGACG---U------GGUGUGCAGCCUGUUUUUC---UGUCUUU
AGAGUCAGGCCUUC-CGUGC---GGGGCCACA-----------CGGUGCG-GCCUC----UGUGCUGCCUGG------UGCGCCGGC,UUUGUCAGGCCCAC-AAUCA---GUGGCCACGGU---------AAAGGGA-C------GCCGUGCAGCCUGUUU----UUCCUUUUU
GAUGUCAGGCC----CGGAA------GCUACUG---UAC----CCCGCCG-AC------CAGUGCAGCCUGUAGGAA-CGGCGGGGA,CUUGUCAGGCCCCGCGUUCG--GUGGGCCACCAAC-UC-----AACGGG--U-----GUUGGUGCAGCCUGUUUUUC--CUCGUUUU
CGUGUCAGGCC----AAAAUAU----GCUACA----UUU----GCCCGCCGGACC-----UGUGCAGCCUGU-----UGGCGGGCGA,UAUGUCAGGCCCGC-UCUUU---GCGGCCACGGG--G------AAUCUGGGA------CCCGUGCAGCCUGUU----UCCGGAUUAA
CGUGUCAGGCC----AGUCC------GCCACUG---A------CGGACCGGACC-----CAGUGCAGCCUGG-----CCGGUUCGCG,CUUGUCAGGCCUAG-ACAUGUC-CUAGCCACCGGU--------GAGUGCGGA-----GCCGGUGCAGCCUGAAAUU-CUGCGUUUUC
GUUGUCAGGCC----CGUAG------GCCACU----GUU----GCUGGUC-GGA------GGUGCAGCCUGACGUU--GGCCGGCCC,CAAGUCAGGCCCUCCGUGUG--GGAGGCCACCGGA--------AAUGCGG-C-----UCCGGUGCUGCCUGUAAAAU-UCGCGUUAU
GGAGUCAGGCCC---UUUGUCG---GGCCACA----U------GGGCGGGGCGAC-----UGUGCUGCCUG------CCCCGCCCUC,AAAGUCAGGCCAAGCGUUA---GCUUGCCACCGGA--------UUUCGUC-U-----UCUGGUGCUGCCUGUG-----GGUGAAAAG
UCAGUCAGGCCAUGCGAAUU--GUAUGCUACG-----------GGGGCCCCAUCAG----CGUGCUGCCUGGUCCAGGGGGUCCCAU,UUUGUCAGGCCCGACUUUC---GUCGGCCACCG---C------GUGGU---CCUAG---CGGUGCAGCCUGUUUU-----ACCGUAU
UGUGUCAGGCCGUUUAUAA---AGGUGCCACU----UA-----CGGGCCCGUGC------GGUGCAGCCUG------CGGGCCCGCG,GGAGUCAGGCCGGGUCUCG---ACCCGCCACCGG--UU-----CGCCGU--CCA----CUGGUGCUGCCUGAGA-----AUGGCGCG
AAAGUCAGGCC----GCAUUU-----GCCACCG---AGU----GUGGGGCGCU------UGGUGCUGCCUGAGUCUUCGCCCCGCAA,AUUGUCAGGCCUUC-GAACAA--GAAGCCACGGCA--------GGACUCAGA-----UGCCGUGCAGCCUGAAUUA-CUGGGUUUUU
UGUGUCAGGCCCGAUAGAU---AUUGGCUACU----CUCG---CGGGCGCGGU-------AGUGCAGCCUGUAGAU-CGUGCCCGUG,AAAGUCAGGCCAGGCGAAC---GCCUGCCACGCAA--------AUUCUAC-C-----UUGCGUGCUGCCUGUGAAA--GUGGAAUAA
CAAGUCAGGCCU---UCGAU-----AGCCACCC----------GGGGCCCGCUGC----GGGUGCUGCCUG------CGGGCCUUUG,AAAGUCAGGCCAUUGGAAAA--CAAUGCCACGAGC--------UUUCU---U-----GUUCGUGCUGCCUGU--------GGAAAAG
UGUGUCAGGCCG---AAACGU----CGCUACUUU---------CGCCGGGCCCG----GAAGUGCAGCCUG------GCCCGGCGAA,UUUGUCAGGCCUCGAGUAUG--UCGAGCCACCCCC--------GGGGCUGGA-----GGGGGUGCAGCCUGUUUUUACCAGCUUUUU
AGUGUCAGGCCUCC-UUC-----GGGGCCACU-----------GCGGGGCGCCUAU----AGUGCAGCCUGGACGGUCGCCCCGCGU,CUUGUCAGGCCCGC-UCCAUCU-GCGGCCACUACG--------GAGUG---UGA---CGUAGUGCAGCCUGUUUCCC---CAUUUCU
UAAGUCAGGCCU---GUAAGA----GGCUACG-----------CCCCGGAGUCUU-----UGUGCUGCCUGAA----UUCCGGGGGU,UAUGUCAGGCCGGUGAGA----CACCGCCACCA---C------GGGGUUCGUA------UGGUGCAGCCUGGGU---CGAAUCUUCU
CCUGUCAGGCC----CGGUG------GCCACU----GGUCC--GGGACCCUAC-------GGUGCAGCCUG------AGGGUCCCGU,GGAGUCAGGCCAGG-GACAA---CCUGCCACGGG---------GAUCUCCUA------CCCGUGCUGCCUG------AGGGGAUUAA
AUAGUCAGGCCG---UCACAGC---CGCUACGUA--GC-----CGGUUGC-GC-----UGCGUGCUGCCUGUUCU---GCAGCCGGG,UUUGUCAGGCCCGC-UUUGCU--GCGGCCACGGUG--------GAAUUACGA-----CGCCGUGCAGCCUGUUUUC-CGUAGUUUUU
AUAGUCAGGCCAAAGAGUU---CUUUGCUACG----AGCCC--CCCGCGG-U--------UGUGCUGCCUGGACUU--CCGCGGGCU,UUUGUCAGGCCCGUGGUUC---CACGGCCACCCUU-G------ACGUA---AU----GAGGGUGCAGCCUGUUUU-----UGUGUUU
UAUGUCAGGCCUG--UUC------CGGCCACA----GUG----CGGGCGCGCCAG-----UGUGCAGCCUGG-----CGCGCCCGGG,AAAGUCAGGCCAGUCUAAU---GACUGCCACCCUCU-------AUUCC---CC---AGAGGGUGCUGCCUGU--------GGAAUGU
GCAGUCAGGCCAAUAAAAA---UAUUGCCACA----UUUU---UCGGGGGUA--------UGUGCUGCCUG------GCCCCCGGGA,CUUGUCAGGCCCACCUCUU---GGUGGCCACGGUG--------GAGUGG--AA----UACCGUGCAGCCUGUUUC----CCAUUUUC
CAUGUCAGGCCCGGUGGC----ACCGGCCACU----GUGA---CCAGCCA-AU-------AGUGCAGCCUGACUA---UGGCUGGGA,AAAGUCAGGCCACC-GAAG----GGUGCCACGA---UGGAU--AAUGG---A-------UCGUGCUGCCUGUAAA-----CCGUUUC
UAUGUCAGGCC----GGAUCG-----GCUACUU---C------CUCCCGC-CAAU----GAGUGCAGCCUGAC-----GUGGGGGAG,UUUGUCAGGCCCAC-UUAAU---GUGGCCACGUC---------GGUGAG--UA-----GACGUGCAGCCUGUUUUU---CUCGUUUU
UGAGUCAGGCCCUC-GGGUCCA-GGGGCCACU----GCC----CGCGGCG-CUUA-----GGUGCUGCCUGA------CGUCGCGGC,AAAGUCAGGCCCGGGGAAG---CCCGGCCACCCCC-G------CUUUCA--A-----GGGGGUGCUGCCUG--------UGGAAGAG
UUUGUCAGGCCUUU-ACCUUGC-GGGGCCACUG---UA-----UGGCGAG-C-------UGGUGCAGCCUGCUU----CUCGCCAUU,UUUGUCAGGCCCUC-UCAU----GAGGCCACCUUGG-------GAA-----UA---CUGAGGUGCAGCCUGU----------UUUUC
ACAGUCAGGCCG---AGUUG-----UGCCACG----CCGUA--GCGGCG--AC-------CGUGCUGCCUGUG------CGCCGCUC,UUUGUCAGGCCCAC-GUUCA---GUGGCCACCAGG--------GAACUG--A-----CCUGGUGCAGCCUGUUUCCC--CAGUUUAU
UCUGUCAGGCCU---UAGGAA----AGCUACC----GCU----GGCGCGGUUUC------GGUGCAGCCUGUUC---GUCGCGCCUU,UUUGUCAGGCCUCC-GAAAAA--GGAGCCACACCU-G------GGUGGGG-G-----GGGUGUGCAGCCUGUGUU---CUCUGUUUU
GGAGUCAGGCCG---GCGCG-----CGCUACGU---AC-----GCGGCGCGUC------GCGUGCUGCCUGGCAUA-UGCGCCGCGC,UUUGUCAGGCCCGGGUGUU---CCCGGCCACCACU-A------AGGACG--A-----AGUGGUGCAGCCUGUUUUC---CGUUUUUU
AAUGUCAGGCCG---GGUUG-----CGCUACC-----------GCACGCGGUUGAG----GGUGCAGCCUGUUCUC-CCGCGUGCCG,UUAGUCAGGCCCGGCUAUUC--GCCGGCCACGGC--G------UAUUGGACC------GCCGUGCUGCCUGUUC---GUCCAAUGUA
GCAGUCAGGCC----CGUAGA-----GCUACU----CAUGA--UGCGCCUGG--------AGUGCUGCCUGUAU---CGGGUGCGAA,AAAGUCAGGCCCAACUUAUU--GUUGGCCACACC--A------AUU-----AUGAC--GGUGUGCUGCCUGUGGAA------AAUGU
CAUGUCAGGCCG---CGG-------UGCUACG----ACA----CGUCCGGGGA-------UGUGCAGCCUGU-----CCCGGACGAG,UUUGUCAGGCCUGCGAUACC--CGCAGCCACGGG---------GAAUGAGCAA-----CCCGUGCAGCCUGAAUCC-GCUUAUUCUU
UGUGUCAGGCCA---UGCG------UGCCACCU----------GCGCCCGGUGAG----AGGUGCAGCCUGGU----CCGGGCGUGU,UUAGUCAGGCCAGCCUUUGU--GGCUGCCACACGG-G------AUGGCG--A-----CCGUGUGCUGCCUGUUCCC---CGCCAUAU
ACAGUCAGGCCG---AUCUUU----CGCUACC----GUUA---GCCCCCG-CC-------GGUGCUGCCUG-------CGGGGGCAG,AAAGUCAGGCCCUCCACCCC--GGAGGCCACGAG--G------AUUGGA--A------CUCGUGCUGCCUGUAA-----UCCAAUAA
CGUGUCAGGCC----AAGAGG-----GCUACG----ACU----AGGCCUGCCUC------UGUGCAGCCUGGAGUGUGCAGGCCUGU,CAAGUCAGGCCCGAGACCA---CUCGGCCACGU---CGAAAA-UGAGG---AG------ACGUGCUGCCUGAAAAUC---CCUCGCU
CAUGUCAGGCCUC--GCUU-----GGGCCACC----CGU----GGGCCGC-AACAU----GGUGCAGCCUGUCGACA-GCGGCCCGC,UUUGUCAGGCCCCGCUAUGU--GCGGGCCACGUGG--------UGAGCG--U-----CCACGUGCAGCCUGUUUUUC--UGUUCAUU
CUAGUCAGGCC----UAUGU------GCCACG----C------GGUGGGCCAGUGC----CGUGCUGCCUGUU----GGCCCGCCGU,AAAGUCAGGCCCAUCUAAU---GAUGGCCACGUG---------AUUGCUG-CC-----CACGUGCUGCCUGUAAGAA-UAGUAAUAA
GCAGUCAGGCCUC--UAAGGGC--GAGCUACA----UCCA---CGUCACGGUU-------UGUGCUGCCUGCU----CCGUGACGAA,UUUGUCAGGCCCGG-AUUU----CCGGCCACGUAGGAAA----AGA-----G----CCUACGUGCAGCCUGUUUU-------UUUUU
AAUGUCAGGCCUU--GAA------GAGCCACUC----------CCCGCUCGUAUG----GGGUGCAGCCUGUAAAACCGGGCGGGUC,AAAGUCAGGCCCUC-UGUU----GAGGCCACCGCA-A------UUUUGC--C-----UGCGGUGCUGCCUGUAAAAA--GUAAAAAG
AAAGUCAGGCCGCA-ACUGC---UGUGCCACG-----------GGGGAGGGCCAA-----UGUGCUGCCUGGUUCAACCCUCCCCGU,ACAGUCAGGCCAGGCCAU----GCCUGCCACCGC---------AAGAGCUAA------GCGGUGCUGCCUGAAA---UAGCUUUUUC
CUAGUCAGGCCG---AGUAA-----CGCCACUGA--U------CCGACU--UAUG---UUGGUGCUGCCUGAUGUA---GGUCGGUA,AAAGUCAGGCCCCUGGAAG---CAGGGCCACGGAG--------GAACGGCGA-----CUCCGUGCUGCCUGUAAA--UGUCGUUCUG
GUAGUCAGGCCUU--CUCGCU---AAGCUACU----CAAU---GGGGGGCUAGA------GGUGCUGCCUGUG----GGCCCCUCAA,UUUGUCAGGCCCGGCUUAUU--GCCGGCCACCGGG--------GAGUGGG-A-----CCCGGUGCAGCCUGUUUUC--CCCAUUUUC
AUAGUCAGGCCCAAUACG----GUUGGCCACC-----------UCGCCGCCCUUG-----GGUGCUGCCUGUG----GGCGGCGGUG,UCUGUCAGGCCUAC-GUCUUA--GUAGCCACGCG--CAA----UUGGCG--G------CGCGUGCAGCCUGUUUAAU--CGCCAAAA
UUUGUCAGGCCG---AGC-------CGCCACAC---U------GCCGGCGGAC------GUGUGCAGCCUGGAGGGUCCGCCGGCGU,AGUGUCAGGCCCGGGGUUA---CCCGGCCACUUCG-U------UUUCC---U-----CGGAGUGCAGCCUGUUU------GGAAAUU
UCUGUCAGGCCUAG-CGUUAA--CUGGCCACG----CACA---GCCCCGGCCGA------UGUGCAGCCUGUUAGU-GCCGGGGCGC,CCUGUCAGGCCCAGCGUCA---GCUGGCCACCGC--G------AAACGGU-A------GCGGUGCAGCCUGUUUUA--ACUGUUUAU
UGAGUCAGGCC----UCGCC------GCUACA----UC-----GGGAUGGCGAC------UGUGCUGCCUGGUAGAUGCCGUCUCGU,CCAGUCAGGCCGACGGGGAA--CGUCGCCACUCCC-C------CAGGGC--AA----GGGAGUGCUGCCUGAAAAA---GCCUUGUG
UGAGUCAGGCCUC--UUUG-----GAGCUACA----UGGU---UGCGGGU-AAA------UGUGCUGCCUGUCU----GCCCGCGAC,AAAGUCAGGCCAUGUGAAAA--ACAUGCCACAGCG--------UUUCUCC-U-----CGUUGUGCUGCCUGU------GGAGAAGAA
GGAGUCAGGCC----AGAAC------GCUACU----UCCC---CCGGCUGAGGU------AGUGCUGCCUGUU----UCGGCCGGGC,AAAGUCAGGCCCGUCAUUUG--GACGGCCACCCC--AC-----UUGCGC--CC-----GGGGUGCUGCCUGAAACAU--GCGCAAUC
ACUGUCAGGCC----CGGAC------GCCACC----UUA----CGGGGCGCA--------GGUGCAGCCUGUUCU--GCGCCCCGAU,CAAGUCAGGCCCGG-GUAA----CCGGCCACGUG--CAA----AUUUCG--AA-----CGCGUGCUGCCUGUAAAUA--CGAAAUCC
UUUGUCAGGCC----AAGCCCA----GCUACG-----------CCCGGCU-AUAAG----CGUGCAGCCUGCUAA---AGCUGGGGC,CAAGUCAGGCCCGAGGAAA---CUCGGCCACGUC---------GUAGGGGGAAA----GACGUGCUGCCUGUAAAA-CCUUCUGUAA
CCUGUCAGGCC----UAUGC------GCCACU----U------CCUGGCGGCUG------GGUGCAGCCUGGUUGC-CUGCCAGGUU,AAUGUCAGGCCUGGCGUGUA--GCCAGCCACGGU---------GUUCCA--UAUC---AUCGUGCAGCCUGUU------UGGAACCA
GUUGUCAGGCCU---CAUUA-----GGCCACCU---C------GGGGCGCGU-------AGGUGCAGCCUG------CGCGCCCUUC,AAAGUCAGGCCACGCUUU----GCGUGCCACCGGG-A------AUAGGG--A-----CUCGGUGCUGCCUGUGAAAC--CCCUAUAA
GGUGUCAGGCCGU--AACC-----GCGCUACUG---AGUG---CCCCCGCCC-------UAGUGCAGCCUG------GGCGGGGGGA,GAAGUCAGGCCAUGGAAA----CCAUGCCACGU---U------AUGC----CCCCA---ACGUGCUGCCUGU---------GUGUAU
GUUGUCAGGCCU---GUAC------GGCUACG----UCUC---UGGCGGGGAU-------CGUGCAGCCUGUUG---CCCCGCCAUC,UAUGUCAGGCCCGG-GGUA----CCGGCCACUCCU--------GGAGCGGAG-----AGGAGUGCAGCCUGGGGA--UCCGCUCUCC
GGAGUCAGGCCU---ACA-------AGCCACUG---UGGU---UGGGGGG-CA------UGGUGCUGCCUGGACCC--CCCCCCGAU,AAAGUCAGGCCAGGCUAAGU--GUCUGCCACGAG---------UUCGGUC-UCU----CUCGUGCUGCCUGUG-----GGUCGAAAA
GGUGUCAGGCC----GCAGCCU----GCCACAGGC-C------GGCCUCC-C-----GUUUGUGCAGCCUGUCUUUC-GGGGGCCCG,UUUGUCAGGCCCUCCUAUAU--GGAGGCCACGGUC--------GGUGGGG-G-----GACCGUGCAGCCUGUUUU---CUCCGUUUU
UCUGUCAGGCC----AGCAUG-----GCCACU----C------CUCCGGGGAUUC-----AGUGCAGCCUGUUGAG-CCCCGGAGUG,UUUGUCAGGCCCGG-GAUA----CUGGCCACGUG---------GUAGAGG-A------UACGUGCAGCCUGAA-----CCUCUGUUU
UAAGUCAGGCCUCGGUACCG--UCGAGCCACG----CGUGU--GGCGGGCCCC-------UGUGCUGCCUGGGGAAGGGUCCGCCGC,UUUGUCAGGCCACCCGUAA---GGGUGCCACGGA--U------AAACG---AU-----UCCGUGCAGCCUGUGUUC----CGUUUUA
CUAGUCAGGCC----CCGGUU-----GCUACAG---AAA----CCGCCGCGU-------CUGUGCUGCCUGGCC---CGCGGCGGAG,AAAGUCAGGCCAGAGGAAG---CUCUGCCACGAA--GA-----UUUC----AG-----UUCGUGCUGCCUGU---------GAAAAA
GGAGUCAGGCCGUAGAUCCU--UUAUGCCACU----CCC----GGCGCGG-AG-------GGUGCUGCCUGAAGCU--CCGCGCCAA,UUUGUCAGGCCCGC-UAAGU---GCGGCCACCGU--UGA----AGAG----U------GCGGUGCAGCCUGUUUUC-----CUCUCU
UGUGUCAGGCC----UAGACUA----GCCACG----UAUGAC-GCCCGCG-A--------CGUGCAGCCUGCCUGGU-CGCGGGCAC,AAAGUCAGGCCCGG-GAAGAA--CCGGCCACGUC--AA-----UUUGUC--C------GACGUGCUGCCUGUGAAAA--GACGAAAA
AAUGUCAGGCC----CCGUAUG----GCCACGU---CC-----CCGGGU--GC------ACGUGCAGCCUGAAGUCG--GUCCGGUG,CCUGUCAGGCCCGCCAGUC---GGCGGCCACCGC---------UAAAGGG-U------GCGGUGCAGCCUGUUUAUU-CCCUUUAUC
UGAGUCAGGCCUG--UGCAUC---CAGCCACA----AGAUC--CCCGGCG-AG-------UGUGCUGCCUGGGGAG--CGCCGGGGU,CUAGUCAGGCCCAUUACAA---GAUGGCCACGGAU--------GAUGCG--A-----AUUCGUGCUGCCUGUCAA----CGCGUUUA
UCAGUCAGGCCCAGAGGU----UCUGGCCACCU----------UGGCGGCCAG------GGGUGCUGCCUGACGU--GGCCGCUGCA,UUUGUCAGGCCCCUCAAUAC--GAGGGCCACCCAC--------GAGCGGG-A-----GUGGGUGCAGCCUGUUUUU--UUCGUUUUU
UCUGUCAGGCCU---GUAC------AGCCACA----CAG----GGCGCGCAAAG------UGUGCAGCCUGAUA---UGCGCGCUCC,UAAGUCAGGCCAGG-UCAUUU--CCUGCCACGGC---------UUUCGCG-CCAU---GCCGUGCUGCCUGUAAAC--CGUGAAAUA
UCUGUCAGGCC----CCCGUU-----GCCACA----AAC----GCCCCCG-GACUA----UGUGCAGCCUGUAAGUA-CGGGGGCCG,UAAGUCAGGCCACCGGAAA---CGGUGCCACGGG---------AAACCCU-CACC---CCCGUGCUGCCUGU------AGGGUUUAU
UUUGUCAGGCC----UCCGU------GCCACC----CGUU---ACCGUGCCGC-------GGUGCAGCCUGG-----GGCGCGGUAU,CCAGUCAGGCCCGG-GGAA----CCGGCCACCCG--GUG----AAGCGG--AA-----CGGGUGCUGCCUGACAAAA--CCGCUUAU
GAUGUCAGGCC----UCGUUA-----GCUACGU---AUA----CCCCGGCGUA------GCGUGCAGCCUGCGUCUACGCCGGGGUU,UGUGUCAGGCCCUC-CUCG----GAGGCCACUCGG-A------ACGCGUA-A-----CCGAGUGCAGCCUGUU-----UGUGUGUUU
UUUGUCAGGCC----GGACUC-----GCCACCA----------GCCCGCCGGUU-----UGGUGCAGCCUGC-----CGGCGGGCUU,UGUGUCAGGCCCGG-UGUA----CCGGCCACGG---A------GGGUUCA-GU------CCGUGCAGCCUG-------UGAGUUUAA
UGAGUCAGGCCGCCGUAAU---UGGCGCCACU----AU-----GUGCCGCGGU-------GGUGCUGCCUGCA----CGCGGCGCCC,AAAGUCAGGCCCAACGUUA---GUUGGCCACCC----------GGUGCGU-AAAG----GGGUGCUGCCUGAAAAGA-ACGCGUUAU
UCUGUCAGGCCG---AGUU------UGCUACUC---UC-----GCGCGCGCUAU-----GAGUGCAGCCUGUA----GCGCGCGCCG,AAUGUCAGGCCCGG-GAGCAA--CCGGCCACGGAU--------GAUAGGC-AA----GUCCGUGCAGCCUGAAA----GCCUAUUCG
UAUGUCAGGCC----CCGAAUC----GCCACU----U------GUCCUGGGUCG------GGUGCAGCCUGA-----CCCAGGGCAG,AUUGUCAGGCCCCAGAAUUA--CUGGGCCACGUC---------GAGGCGU-A------GACGUGCAGCCUGAA-----GCGCUUUUC
GUUGUCAGGCC----AGUUGU-----GCUACG----GUA----CGCGCCGCGCU------CGUGCAGCCUGGAACGUGCGGCGCGAA,CUUGUCAGGCCCGC-UACUU---GCGGCCACGGUG-A------GAAUG---A-----CAUCGUGCAGCCUGUUUCC----CAUUUCC
CGUGUCAGGCCAC--GGUUUAU--GUGCUACC----GUC----CGGCGCUGUCUC-----GGUGCAGCCUGAUGAGUCAGCGCCGGC,UAUGUCAGGCCCAGGGUUA---CCUGGCCACAGCG--------AAUCCG--CGC---CGCUGUGCAGCCUGUUUC----CGGAUUAU
GGUGUCAGGCC----UACCCU-----GCUACG----UA-----CCCGGAGUUC-------CGUGCAGCCUGAGGGAGGCUCCGGGUA,UGUGUCAGGCCGUC-UACUAC--GAUGCCACCGG---------CUCCCUC-GAAU---CCGGUGCAGCCUGAGGG---GGGGGGGAG
AUUGUCAGGCC----UUAGU------GCUACG----UG-----CCCGGCCUGUCGC----CGUGCAGCCUGGGCCA-AGGCCGGGCC,AGAGUCAGGCCAGGGGAUA---CCCUGCCACGUC---------UUUUGUC-C------GACGUGCUGCCUGU------GGUGAAAAG
GCUGUCAGGCC----GACUUGA----GCCACUG---GA-----GUUCGUCAUGA-----UAGUGCAGCCUGGUGACAUGGCGAACGC,UUUGUCAGGCCCAC-GUUA----GUGGCCACCCCC-U------GGCGGG--U-----GGGGGUGCAGCCUGUUUU----CCCGUUUA
UGUGUCAGGCCUUG-GCU-----CAGGCUACG-----------CCGAGGCCUUCUU----UGUGCAGCCUG------GGCCUCGGGC,AAAGUCAGGCCCUUCGUAA---GAAGGCCACGCG--AA-----AAUUGCA-AC-----CGCGUGCUGCCUGUAAAA--UGUAAUUCU
AGUGUCAGGCC----UCCUG------GCCACGG----------GGCGGGCCGCA-----CUGUGCAGCCUGG-----GGCCUGCCGG,AAAGUCAGGCCCUGGGAAG---CCAGGCCACGG---AAA----AUUCGG--AC------CCGUGCUGCCUGUAAA----UCGAAUCA
CCUGUCAGGCCUAGCCAAC---GCUAGCCACU----AGCGU--CGUCGGGCCC-------GGUGCAGCCUGGAGCU-GCCCGACGUA,CAAGUCAGGCCACAAUAAGU--UUGUGCCACUC---GA-----AAAUUG--ACC-----GAGUGCUGCCUGUAAU----CAGUUUAU
CAAGUCAGGCC----UACGCCC----GCUACGG---C------CGCCCCGGG-------UCGUGCUGCCUGACA---CCGGGGCGUU,CAAGUCAGGCCACGGAAAG---CUGUGCCACCGU---------GAACGUG-A------ACGGUGCUGCCUGAAUAAA-CACGUUCCA
GUUGUCAGGCC----GGAGAUG----GCCACU-----------CCGCGCGCCCCU-----GGUGCAGCCUGCUUAGCGUGCGCGGUC,AAAGUCAGGCCCGUCGACUA--GAUGGCCACGG---AAU----CGUGCUU-AAA-----CCGUGCUGCCUGUAAA---AAGCGUGUC
GGUGUCAGGCCU---GUG-------GGCCACG----GA-----GGCGGGA-UGUC-----UGUGCAGCCUGAUUC---UCCUGCCAG,AAAGUCAGGCCAUCGUUUUU--CGAUGCCACGAUG--------GUGACC--A-----CAUCGUGCUGCCUGUA------GGUCAUGU
AAUGUCAGGCCC---AGAGAU----GGCCACG----CCCAU--GUCGGCG-UA-------CGUGCAGCCUGG------CGUCGGCUU,UUUGUCAGGCCCGC-UAAU----GCGGCCACGGCG--------GGGGAAGGA-----CGCCGUGCAGCCUGUUU---UCUUCUUUUU
UUAGUCAGGCCA---GAGG------UGCUACGU----------CGAGGUCAUA------GUGUGCUGCCUGGUUG--UGGCCUCGUU,UAAGUCAGGCCACCCGAUG---GGGUGCCACGAG--A------AGUCGG--AAU----CUCGUGCUGCCUGAAA-----CCGGUUUC
AGUGUCAGGCCG---GAAAU-----UGCUACU----GACA---CGGCGGGCA--------AGUGCAGCCUGCAA---GCCCGCCGAG,AAAGUCAGGCCAGUCUAA----GACUGCCACCGCGA-------UUUCCC--U----UCGCGGUGCUGCCUGU-------GGGAAAAG
CGAGUCAGGCC----GUAACUU----GCCACG----CCGC---UACGGCCGUU-------UGUGCUGCCUGGUGG--CGGCCGUAGG,UUUGUCAGGCCCGC-AUCGA---GCGGCCACUCAC--------GAACGGA-A-----GUGAGUGCAGCCUGUUU----UUCGUUUUA
CCUGUCAGGCC----ACAAUGA----GCCACC----GCU----UGCCCGGGUU-------GGUGCAGCCUGGUAG--CCCGGGCAUC,UUUGUCAGGCCCGACAUAC---GUCGGCCACGAGG--------GAGGCGG-AA----CCUCGUGCAGCCUGUUUUU--UCGCUUUAU
ACAGUCAGGCCACUGUGGCU--CAGUGCCACAG---AC-----GCGGGCGUGA------UUGUGCUGCCUGAUGA--GCGCCCGCGU,UUAGUCAGGCCCAC-UAACAC--GUGGCCACAGGG--------UUUGAGUCU-----CCCUGUGCUGCCUGAA----GGCUCAAAGA
GCAGUCAGGCCA---UGU-------UGCCACG----GGUUG--CCCCCCUUC--------UGUGCUGCCUGCUC---GGGGGGGGUU,CUUGUCAGGCCCCUGUAAUU--CAGGGCCACGU---UUCA---AAAG----CAU-----ACGUGCAGCCUGUUU-------CUUUCC
GAAGUCAGGCC----UCGAU------GCUACG----UUAU---GGGGGCCGACA------UGUGCUGCCUGCU----CGGCUCCCCG,CCAGUCAGGCCAGGGUCCU---CCCUGCCACC----UUCUUU-UACGU---UU-------GGUGCUGCCUGAAAUUU---ACGUGCA
UAAGUCAGGCC----GUGCAG-----GCUACC----CGCG---CGUGGCCGGU-------GGUGCUGCCUG------CGGCCGUGUG,AAAGUCAGGCCAGG-AAUCGC--CCUGCCACCGCA--------UUUCG---CU----UGCGGUGCUGCCUGUGGAU----CGAAAAA
UCUGUCAGGCCCGU-UGGACG--ACGGCCACUU---UAUC---CCCCGGUGC-------AAGUGCAGCCUGGU----CACCGGGGAA,UUUGUCAGGCCCACCAAAC---GGUGGCCACUCCG--------GUACAUGGA-----CGGAGUGCAGCCUGUUCC--CCAUGUGUAA
AGUGUCAGGCCU---GUCAAGU---AGCCACC----UCAU---GGCCUAGGAGC------GGUGCAGCCUGCAUAGCCCUGGGCCUC,CAAGUCAGGCCAUC-CUCG----GAUGCCACCG---G------AAACGU--AGAAA---CGGUGCUGCCUGUAAA----ACGUUUAU
UGAGUCAGGCCUA--UGUC-----UAGCCACC----AUUC---GGCCCCGGGUG------GGUGCUGCCUG------CCGGGGCCGU,AAAGUCAGGCCCCGGAAAU---CCGGGCCACUCC--UAG----UUUGC---C------GGAGUGCUGCCUGUAGAAU---GCGAAAA
CCAGUCAGGCCC---UCAUG-----GGCCACUACU--------UCCCCGGCG-----AGUGGUGCUGCCUGU-----GCCGGGGGCG,AAAGUCAGGCCCUAGGAAAA--CUAGGCCACGUGUC-------GGUCGG--A----GAUACGUGCUGCCUGUAAA----CCGAUCAA
UCUGUCAGGCC----GCAGUAA----GCUACUG---GAU----GCGCG---GAUAC---CGGUGCAGCCUGU--------CGCGCCC,UAAGUCAGGCCACA-UCAAGAU-UGUGCCACGG---GAU----CGACG---UAUAC---CCGUGCUGCCUGGAAAC----CGUCGCA
CCAGUCAGGCC----AGCCGAC----GCCACC----C------CCGGUGGAAGCC-----GGUGCUGCCUGCG----UCCGCCGGGC,UAAGUCAGGCCAGCGUAUCC--CGCUGCCACCGGGC-------GCGGCC--A----GCCCGGUGCUGCCUGA-------GGCCGUUA
CUAGUCAGGCCUG--UGUGCA---UGGCCACG----UGC----GGGCUCCGG--------CGUGCUGCCUGUU----CGGGGCCCGU,UAUGUCAGGCCUCC-UUACU---GGAGCCACGGAU--------GAAGCG--A-----AUUCGUGCAGCCUGUUUC----CGCUUUUA
UGAGUCAGGCCGC--CCAC-----GCGCCACUG---U------CGCUGGGGA-------CAGUGCUGCCUGUCGAACCUCCGGCGUG,AAUGUCAGGCCCGU-GAAUAG--ACGGCCACAGG--U------GAUUCCGGA------CUUGUGCAGCCUGAAA---CUGGGAUUUG
UCUGUCAGGCC----GUCACU-----GCCACGG----------GCGCGCGGUC------CCGUGCAGCCUG------CCGCGUGCCG,UAAGUCAGGCCAUGUGAGA---ACAUGCCACGCAG--------GAACUGGGA-----CUGCGUGCUGCCUGAAUA--CCCGGUUUUC
UCUGUCAGGCCG---CCCA------UGCCACG-----------CGGCCGCGGAGC-----CGUGCAGCCUGGG----CGCGGCCGCU,UUUGUCAGGCCCGC-UUUAU---GCGGCCACGUCC--------GGUGGGG-A-----GGACGUGCAGCCUGUUU----CUCCGUUUU
ACUGUCAGGCCC---AGC-------GGCUACUU---GGG----GCCCGCC-A-------GAGUGCAGCCUGUAG----GGCGGGCGC,ACUGUCAGGCCCGGGUGGU---CCCGGCCACCGC--G------AAGUCG--A------GUGGUGCAGCCUGUUUUC---CGAUUUAC
UCAGUCAGGCCG---CGAAA-----CGCCACAU---UA-----GGUCGUGGCC------GUGUGCUGCCUGA-----CCGCGACCUG,UUUGUCAGGCCCGACCUCG---GUCGGCCACCCCC--------AAACGGG-C-----GGGGGUGCAGCCUGUUUUU--CCCGUUUUU
CCAGUCAGGCCCGU-UUACU---GCGGCCACUCU--U------GGGGCC--UU-----AGGGUGCUGCCUGUCGCU---GGCCUCGG,CAAGUCAGGCCCAGCGAAA---GCUGGCCACCUC---------GGUGUUG-G------GAGGUGCUGCCUGUAAAU--CAACGUCAA
GCAGUCAGGCCGU--UAUA-----GUGCCACG----GU-----GGCCGCAGAUG------CGUGCUGCCUGGAU---CUGCGGCCAC,CUUGUCAGGCCUCCCGUAUG--GGGAGCCACGUCC--------GAACGCG-AG----GGACGUGCAGCCUGUUUUAC-CGCGUUUUU
AUUGUCAGGCC----UCUUAA-----GCCACU----UUA----CCGGGCGGAGUC-----GGUGCAGCCUGGUUA--CCGCCCGGUA,AUUGUCAGGCCCAC-UUUUC---GUGGCCACGGGG--------GAUCCGG-A-----CCCCGUGCAGCCUGUUUU---CCGGAUUAA
GAAGUCAGGCCUGC-GUAGAU--GUAGCCACG----AAA----CCGGCCC-AUUAG----CGUGCUGCCUGACGUA--GGGCCGGAU,UUUGUCAGGCCCAAUUGAUU--AUUGGCCACGGC---------GUCGCG--ACCCA--GCCGUGCAGCCUGAAA-----UGCGGUGA
CAUGUCAGGCC----UGAAG------GCUACC----GU-----UCCCGGCCUUU------GGUGCAGCCUGU-----GGCCGGGGCU,UUUGUCAGGCCCUC-UUUUU---GAGGCCACGGG---------GAGGCGG-A------CCCGUGCAGCCUGUUUUUA-CCGCUUUAU
GCUGUCAGGCCUC--UAGCG----GGGCUACGGC--C------CGCCCCGCC------GCCGUGCAGCCUGGCAAU-GUGGGGCGCA,UUUGUCAGGCCCGCCUUUGU--GGUGGCCACCAGC--------UUAGCGG-UU----GUUGGUGCAGCCUGUUUUU--UCGUUAAUU
GGAGUCAGGCC----GAUUUGC----GCCACU-----------GCGGGCGCAUGA-----AGUGCUGCCUGUCUAC-GCGCUCGCGA,GAAGUCAGGCCAAGUUACAU--ACUUGCCACC-----------GGUGUCU-AUUCG----GGUGCUGCCUGA------AGGUGUUUC
AUAGUCAGGCCAC--GAUUCC---GUGCCACC----UUG----GGGCGCGUC--------GGUGCUGCCUGAG----GCGCGCCCAG,UCUGUCAGGCCAG--UUAA-----CUGCUACGGGU--------GGUCGC--G-----AUCCGUGCAGCCUGUGU-----GCGAUCCU
GAAGUCAGGCCG---UAAAG-----UGCUACCU----------CCCGGAGGAUU-----AGGUGCUGCCUG------CCUCCGGGUA,UAAGUCAGGCCGCGUGAACG--ACGUGCCACUCUC--------GAGUCC--AA----GGGAGUGCUGCCUGU-------GGGUUUUU
CAUGUCAGGCCUGU-GGCUU---AUAGCCACAG---GC-----GCUGCU--GGAGA---CUGUGCAGCCUGU-------GGUAGUGC,UUUGUCAGGCCCGG-AUAC----CCGGCCACCAC---------GAACG---ACGA---GUGGUGCAGCCUGUUU------UGUUUUU
GUUGUCAGGCCU---CAUUCCU---AGCUACU----CCUU---CCCGGGGGUUU------GGUGCAGCCUGGCUCGGCCCCCGGGGU,CAAGUCAGGCCAGG-GAAA----CCUGCCACGCGG--------GAAGGAG-AG----CUGCGUGCUGCCUGUAAUC--CUCUUUUAU
UUUGUCAGGCCGAG-CCUG----CUCGCCACGA---CUG----GGCCGCGCA-------UCGUGCAGCCUGAGGGU-GCGCGGCUGU,UUUGUCAGGCCCAC-GUAA----GUGGCCACCCAGC-------AAGG----UCG--GCUGGGUGCAGCCUGUUUUC-----CCUUCC
CCAGUCAGGCCAU--AGCAUU---AUGCUACG----CGG----GGCGCGG-AGUAU----UGUGCUGCCUGCGC----CCGCGCCUG,AAUGUCAGGCCCGA-UAAC----UCGGCCACGG---CCUUCUUAUUCC---A-------CCGUGCAGCCUGAAG------GGAAUUC
GUAGUCAGGCCUAGGCCG----UUUGGCCACU----GCU----GCCCCCGGGUCC-----GGUGCUGCCUG------CCGGGGGCUC,CUUGUCAGGCCCAC-UUUAUU--GUGGCCACGGA---------GAUUGAUGA------UCCGUGCAGCCUGUUUUC-CGUCAAUUAU
CAAGUCAGGCCG---GAG-------CGCCACU----GAGGU--GGGGGGCAGU-------GGUGCUGCCUGGCUUC-UGCCCCCCGU,AUAGUCAGGCCCAC-AUAC----GUGGCCACGGG---------GGGGGCG-A------CCCGUGCUGCCUGAAA----CGCCUUCUU
GGAGUCAGGCCU---AGCAGGU---AGCUACC----C------GGCUGAGGGUCA-----GGUGCUGCCUGGGCGGUCCUCAGUCGA,AAUGUCAGGCCUCCCUGAGU--GGGAGCCACGUG--CCUU---GUUUUG--U------CGCGUGCAGCCUGUUU-----CAGAGUAA
GUAGUCAGGCC----AGGGC------GCUACC----CCGU---ACGGCGCGAG-------GGUGCUGCCUGC-----CGCGCCGUAA,AAAGUCAGGCCAUGCGUUA---GCGUGCCACGGA--AU-----UUUCC---C------UCCGUGCUGCCUGU--------GGAAAAG
GCUGUCAGGCCUU--GCUUGU---AGGCUACGAG--AC-----GGCGGGG-A------CUCGUGCAGCCUGUUC----CCUCGUCAA,UUUGUCAGGCCCGC-GUUA----GCGGCCACUCAC--------GAACGGG-G-----GUGAGUGCAGCCUGUUUU---UCCGUUUUA
UUAGUCAGGCCA---AUCGGU----UGCUACA----G------CUCUGGCGAGGCG----UGUGCUGCCUGAAG---CGCCGGGGCG,CUUGUCAGGCCCAGCGUCGA--GCUGGCCACACACC-------GGGG----A----GGUGUGUGCAGCCUGUUUUU-----CCCUUC
CUAGUCAGGCC----UUUUGUU----GCUACGC---U------UCUCCCUCG-------GUGUGCUGCCUGGCG---GGGGGGGGAU,AAAGUCAGGCCACG-GAACUA--CGUGCCACCGGG--------UUUCCG--CU----CCUGGUGCUGCCUGUAAU----CGGAAAAA
CCAGUCAGGCC----GACGG------GCUACG----GU-----GGCGGGUUCACAU----CGUGCUGCCUGUC----AGUUCGCCCC,AAAGUCAGGCCAGGCUCUUC--GCCUGCCACGGGC--------UGGGUC--UU----GCCCGUGCUGCCUGUA------GGCCCAAA
GAUGUCAGGCCUAGAUGUG---UUUAGCUACU----A------CUGCGGGGGACAG----AGUGCAGCCUGUUG---CCCCGCAGGC,CUUGUCAGGCCUCC-UUCCUUU-GGAGCCACCG---CCA----GAGUG---CCG-----CGGUGCAGCCUGUUCUCC---CGUUCGU
UAUGUCAGGCCG---UGUAG-----CGCCACA----ACAG---CGUCGGCUC--------UGUGCAGCCUGUGUCCCGGUCGACGCA,UUUGUCAGGCCCAGCUGUU---GCUGGCCACCAG---------UUUGGGG-UUUU---CUGGUGCAGCCUGUUU----UCUUAAGUU
UGUGUCAGGCCGGGGGCUCA--CUUUGCUACC----AAC----GCGGGCUCAAC------GGUGCAGCCUGACACG-GAGUCCGCUU,AUUGUCAGGCCCCACUAUUU--GUGGGCCACCG---G------UAAGGUGAAAUC----CGGUGCAGCCUG------UUGUCUUGUC
GCAGUCAGGCC----AGGAUAG----GCUACU-----------GCCGGGGGUGAU-----AGUGCUGCCUGU-----CCCCCGGCAC,UUUGUCAGGCCCUACGUUC---GUAGGCCACGGG--G------AAACAGGGA------CCCGUGCAGCCUG------UUCUGUUUAU
GCUGUCAGGCCG---AACCAAG---CGCUACCU---UGC----GCCGGGCCGU------GGGUGCAGCCUGGUAU--GGCCCGGCCC,UUUGUCAGGCCUCGCGAUCA--GCGAGCCACCGGC--------GGUGCGUGA-----GCCGGUGCAGCCUGUUUUC-CACGCGUUUU
GGAGUCAGGCC----CACGAU-----GCCACAU----------GGGGCCUUUG------AUGUGCUGCCUGUC----GAGGCUCUGA,AAAGUCAGGCCAGGGGACG---CCCUGCCACCGGG--------GAUCC---AA----UCCGGUGCUGCCUGUG-------GGAUCGU
UGUGUCAGGCCU---GCUGACU---AGCUACU----CAC----CCGCGAGGGAGG-----AGUGCAGCCUGGCC---UCUCGCGGGG,UUUGUCAGGCCGCC-AGUACC--GGCGCCACGUG--ACCU---CAUG----AG-----CACGUGCAGCCUGUUUC------CAUGUA
GAAGUCAGGCCCUU-CAAGGUA-GGGGCUACUAG--A------GGCCGGC-AU-----UUGGUGCUGCCUGG------GCCGGCCAA,AAAGUCAGGCCAGGCUAAU---GCCUGCCACCGC---------GUUCCG--UA-----GCGGUGCUGCCUGUAAGU---CGGAAUAA
ACUGUCAGGCCU---AUUGAA----GGCCACG----CUGC---GCCUCGGUG--------CGUGCAGCCUGGAAUACAUCGGGGCAU,UUUGUCAGGCCUAG-UCCACU--CUAGCCACCGG--UC-----GUGGGGG-U------CCGGUGCAGCCUGUU-----UUCCCGUUA
UGAGUCAGGCC----CAUGU------GCUACG----GUAGUG-CCGCGUGGU--------UGUGCUGCCUGUG----CCGCGCGGAU,AAAGUCAGGCCCCGAGAAGA--UCGGGCCACUCC--U------UUUCGC--U------GGAGUGCUGCCUGUAGAU---GCGAAAUA
AAUGUCAGGCCA---AUUGGGG---UGCUACU----GGGGA--UGCAGGCGGU-------AGUGCAGCCUGCCC---CGUCUGCAGC,AAUGUCAGGCCGGUAUAAA---UGCCGCCACGAUC-UA-----UGGGCU--U-----GGUCGUGCAGCCUGG-------GGCCCGCA
AUUGUCAGGCCGC--UUAGCA---GCGCCACU----GCGCAGUUGCCCCG-G--------AGUGCAGCCUGGGACGG-CGGGGCGUC,UUUGUCAGGCCCUGGAUUGC--CCAGGCCACCAC---------GUGCGGG-A------GUGGUGCAGCCUGAA-----CCCGUGUUG
UCUGUCAGGCCGCU-CGGUC---AGUGCUACC----UGUGGU-AGGGCGCCA--------GGUGCAGCCUGGGUCGCGGCGCCCUCA,AAAGUCAGGCCAUC-UAUCCC--GAUGCCACGCGG--------AAUGGACGA-----CCGCGUGCUGCCUGAGAAU-CGUCCGUUAA
UCUGUCAGGCCUG--CAAGCCC--CGGCUACC----GAGUC--CCCGGGUCAA-------GGUGCAGCCUGACCU--GGCCCGGGAA,AAAGUCAGGCCAGAGACAAC--CUCUGCCACGGAG--------GUUGCGUCG-----CUCCGUGCUGCCUGA-----GACGCGACAU
CCUGUCAGGCC----CAUAGUG----GCUACG----AAA----CGUGGGG-CAGG-----CGUGCAGCCUGCUAC---CUCUGCGGC,AAAGUCAGGCCAUAGUCCU---CUAUGCCACCGG--G------GUUCGCG-UAA----CCGGUGCUGCCUGUGAAAU-UGCGAGUAU
AAAGUCAGGCCUUCUUUAC---GGGAGCCACG----CGACCA-ACCGUGCCC--------CGUGCUGCCUGUGC---GGUGCGGUUA,UAAGUCAGGCCCGGUAGAAC--ACCGGCUACAUC--C------CUACGC--CG-----GAUGUGCUGCCUGAAAAAC--GCGUAGCU
ACAGUCAGGCCUG--UAAGACG--UAGCUACGC---A------CCGUCCG-GG------GCGUGCUGCCUGCCAAGC-CGGGUGGUA,UUUGUCAGGCCCAGCUUAU---GCUGGCCACCGUC--------AAACG---UCC---GAUGGUGCAGCCUGUUUCU----CGUUUUA
CUUGUCAGGCCG---GUAGC-----CGCCACGG----------CCGCGCGGAGG-----UCGUGCAGCCUG------CCGUGCGGUU,AUUGUCAGGCCGAC-UGCUGAU-GUCGCUACACUA--------GGGCGG--UA----UAGUGUGCAGCCUGCGUCC---CCGCUCAA
ACAGUCAGGCCU---ACGAUUG---GGCUACAUA--A------GGCGUCGGC------UGUGUGCUGCCUGA-----CCGGCGCCAU,AAAGUCAGGCCCCGCUUAU---GCGGGCCACCCGCU-------UUUCC---UU---GGUGGGUGCUGCCUGU--------GGAAAAU
CUAGUCAGGCC----UACCA------GCUACC----UGGCCA-GCGCUGC-C--------GGUGCUGCCUGAAC----GUGGUGCGG,UUUGUCAGGCCUCGCUAU----GCGAGCCACGUCG-G------AGACGG--AC----CGACGUGCAGCCUGUUUCU---CCGUUUAA
AAUGUCAGGCC----AUUCC------GCUACG----A------GCUCGCGGGAU------CGUGCAGCCUG------CCGCGGGCCU,AAAGUCAGGCCCACGGUUAA--CGUGGCCACCG---CUC----AGUUUUCCC-------CGGUGCUGCCUGAA----GGGGAACUUG
GAAGUCAGGCCG---GACAA-----UGCCACG-----------GAGCCGCCAAUA-----UGUGCUGCCUGUU----GGCGGCUCUC,AAAGUCAGGCCCCGGGAAGA--CCGGGCCACCGCUC-------UUUGGC--U----GAGCGGUGCUGCCUGUAAGA---GCCAAAAA
ACUGUCAGGCC----CUUAUAG----GCUACC----AUUC---CGGUCGGGG--------GGUGCAGCCUGCGU---CUCGAUCGCC,CAUGUCAGGCCUACCAGUC---GGUAGCCACACUG--------GGGGUGG-CG----UAGUGUGCAGCCUGUUU----CUACUUUUC
CAAGUCAGGCCA---AGACG-----UGCCACG----ACUC---UCACCUCUAG-------CGUGCUGCCUGGG----GGAGGUGGCC,UUUGUCAGGCCCGC-UUUU----GCGGCCACUGCCA-------GCGG----UUA--UGGUAGUGCAGCCUGUUUU------CCGUCC
GGUGUCAGGCCA---GGA-------UGCUACU----GU-----GUGGGUG-CAGCG----AGUGCAGCCUG-------CACCCACAC,AAAGUCAGGCCAGG-GAAGUA--CCUGCCACGUAC--------UUUUGCU-C-----GUACGUGCUGCCUGUGAAA--AGCGAAAAA
CCUGUCAGGCCG---AAAG------UGCUACG----GUG----CCGGCGAGC--------UGUGCAGCCUGCAUAUCCUCGCCGGCC,UUUGUCAGGCCCAAGAUUC---CUUGGCCACGG----------UGUGAAC-UAUCU---CCGUGCAGCCUGU------GUUCGUGUC
GGUGUCAGGCC----GCAUCAG----GCCACU----AC-----GCCCGCGGUGA------AGUGCAGCCUGAA----CCGCGGGCCC,CUUGUCAGGCCCAGUUACU---GCUGGCCACGUCGU-------GGGGG---AA---GCGACGUGCAGCCUGUUUUUA---CCUUCUC
UAAGUCAGGCC----CGGGUCC----GCCACU----UCCU---GCCCGACCG--------AGUGCUGCCUGGCG---GGUCGGGCUG,AUAGUCAGGCCCCUGAAAGG--CAGGGCCACCGC---------GGGCUGGGA------GCGGUGCUGCCUGA-----CCCGGUUUUA
AUUGUCAGGCC----ACGGUC-----GCCACA----GGU----GCCCCGC-GA-------UGUGCAGCCUGAGAAC--GCGGGGCUA,AAAGUCAGGCCAGGGGUUA---CCCUGCCACACAG--------AUUCCG--CC----CUGUGUGCUGCCUGUGAU----CGGAAUAA
CUUGUCAGGCCGC--GGGG-----GCGCUACG----U------UGCUGGGCACU------UGUGCAGCCUGAGGAG-GCCCGGCAUA,UGAGUCAGGCCGC--CAAAA----GUGCCACGGA---------UCGGGGC-CA-----UCCGUGCUGCCUGAAACCU-GCCCCGAGC
AUUGUCAGGCCC---UUGGCUC---GGCCACGA---GGU----UCGCGGGGCC------UCGUGCAGCCUG------CCCCGCGGCG,CAUGUCAGGCCACCCUUUU---GGGUGCCACGAAC--------GAAGCGG-A-----GUUCGUGCAGCCUGUUUA---CCGCUUUUA
UUUGUCAGGCCG---UAGUCGA---CGCUACCG----------CCGCCCUCCAU-----UGGUGCAGCCUGAUAGU-GGGGGCGGUG,UUUGUCAGGCCCACCUAUU---GGUGGCCACGG----------GAAGGUUAAA------CCGUGCAGCCUGUUUUCUUAGUUUUUUU
UGUGUCAGGCCG---AAAUCA----CGCCACGU---A------AACGUCGGGGCG----ACGUGCAGCCUGUGCAC-CCGACGUUCA,AAAGUCAGGCCAGACGAAA---GUCUGCCACGUA---------UUUUCCG-U------UACGUGCUGCCUG-------UGGGAAAGA
GCUGUCAGGCCU---AGCAAU----GGCCACG-----------AGGGGCGGAGAG-----CGUGCAGCCUGGGCC--CCGCUCCUGA,CUUGUCAGGCCUCG-AAUC----CGAGCUACUCG--UU-----CAGCAGG-CU-----CGAGUGCAGCCUGU------CCUGCUGUG
UUAGUCAGGCCU---UCC-------AGCUACUG---A------GGCGUGCUCUGU----CAGUGCUGCCUGG-----GGCGCGCUAU,AUAGUCAGGCCUGA-GUAUUA--UUAGCCACGAAC--------AGCCCCU-UC----GUUCGUGCUGCCUGUAGGU--GGGGGUUUA
AUAGUCAGGCCU---CACGAGU---AGCUACG----G------UGUGGGCCACUC-----UGUGCUGCCUG------GGCCCACAUA,AAAGUCAGGCCAGACGAAA---GUCUGCCACGAAU--------AUUUCUC-A-----AUUCGUGCUGCCUGU------GGGGAAUUA
CAUGUCAGGCCU---AACUACU---AGCUACG----UACC---UGCGGGCCUGC------UGUGCAGCCUGA-----GGCCCGCGCU,AAAGUCAGGCCACGCUAAU---GCGUGCCACAUC---------GAAACGG-AA-----GAUGUGCUGCCUGUGAA---CCGUUUUUU
ACAGUCAGGCCC---AAUGCC----GGCUACC----CAAC---GGGCGGCGC--------GGUGCUGCCUGG-----UGCCGCCUGC,AAAGUCAGGCCCGGUGUUAA--ACCGGCCACGUGG--------UUGGC---CC----UCGCGUGCUGCCUGUAAAA----GCCAAAA
GGAGUCAGGCCC---GUCCG-----GGCCACG----GAC----UGCGGGCCG--------CGUGCUGCCUGGC----GGCCCGCGCU,CUUGUCAGGCCCGCCUUCU---GGUGGCCACCAUG--------UUACGU--U-----CAUGGUGCAGCCUGUUUCUC--ACGUAAUU
UGUGUCAGGCC----GGUAC------GCCACC-----------CGCCCUGCCGGGC----GGUGCAGCCUGCGUUC-GCGGGGCGGG,UCUGUCAGGCCUCUCUACG---GAGAGCCACCA---CUUC---UGACG---C-------UGGUGCAGCCUGAAUC-----CGUUACU
AAUGUCAGGCCAU--AGA------AUGCUACCC---U------GGUCCCGCCU------GGGUGCAGCCUGUCAC--GCGGGGCCUG,AAAGUCAGGCCCGGGGUUA---CCCGGCCACGA---GUAUUG-UUCC----G-------UCGUGCUGCCUGU---------GGAGAA
AGUGUCAGGCCCGG-AGAGCC--CUGGCUACU----CGU----GAGGCGCGCCCC-----GGUGCAGCCUGUUCAGCCGCGUCUCGU,AAAGUCAGGCCCACCUAAAU--GGUGGCCACGAU--G------UUUC----AGU----GUCGUGCUGCCUGU---------GAAAAG
CCAGUCAGGCCU---GGGCAC----GGCUACU----UGAUU--GGUCCCCGA--------AGUGCUGCCUGG-----CGGGGGCCUC,UUUGUCAGGCCCAUCGUCC---GAUGGCCACUGC--U------GGAGCGGGA------GCAGUGCAGCCUGAGUUUACCUGUUUUUU
GAUGUCAGGCCG---GUCA------UGCCACG----UCC----GGCGCGG-UGC------UGUGCAGCCUGGGA----CCGCGCCCU,GCAGUCAGGCCGC--AAUAA----GCGCCACGGG--A------CCUUACG-CA-----CCCGUGCUGCCUGAG-----CGUGAGGGU
GCUGUCAGGCC----CCCUGUC----GCUACGC----------CACGGGCGGGCU----GUGUGCAGCCUGAG----UGCCUGUGGG,UUUGUCAGGCCGGAUUCUU---GUCCGCCACCU---UC-----UGUUGGG-UGA-----AGGUGCAGCCUGUUUUU--CCCAGUGUC
GAAGUCAGGCCC---UGAAA-----GGCCACGUG--AG-----CCCGGCGAC------UGUGUGCUGCCUGCAGU--UUGCCGGGCC,AAAGUCAGGCCCGACGGUA---GUCGGCCACCCCCG-------GGUGCG--G----CGGGGGUGCUGCCUGUAAAU---CGCAUCAA
UCUGUCAGGCCCU--CUAC-----AGGCCACC----G------CGCCCGUGAUAGA----GGUGCAGCCUGAC----CGCGGGCGAU,CUUGUCAGGCCCGG-GAUCG---CCGGCCACGA---ACA----AAAU----CGAC----UCGUGCAGCCUGU---------GUUUUU
GUAGUCAGGCCU---CAGCCCC---GGCCACCG----------GCCCUGGGAUCG----UGGUGCUGCCUGAUG---CUCAGGGCGC,UUUGUCAGGCCCAGCAAUCC--GCUGGCCACGGAC-C------CUAUGU--CA----GUCCGUGCAGCCUGUUUUC---GUGUAGUU
ACUGUCAGGCCG---UGCACUG---UGCUACUG---A------CGGGGGUGACA-----CGGUGCAGCCUGUU----CGCCCCCGUU,AAAGUCAGGCCAAGGUCCU---CCUUGCCACGGU--AAUA---UUCG----C------GCCGUGCUGCCUG----------UGAAAG
GUAGUCAGGCCUG--GUC------CAGCUACU----CAUGA--CGGCGG--UAU------GGUGCUGCCUGGCGU----CCGCCGAA,UUAGUCAGGCCCGUCUAUU---GACGGCCACGUCU--------GAACC---GA----AGACGUGCUGCCUGU--------GGUUUUU
UUAGUCAGGCC----CGCCCG-----GCUACGAU--A------CGCCGGC-CUG----AUUGUGCUGCCUGAUAC---GCCGGCGCG,AAAGUCAGGCCAGGAGACA---UCCUGCCACGCG---------ACUGGU--CAUUC--CGCGUGCUGCCUGAGAAAU--ACUAGUAC
AGUGUCAGGCCGGC-AACCCC--GCCGCUACG----CUA----CGGCCGCCU--------UGUGCAGCCUGGUCGCCGGCGGCCGCC,AUUGUCAGGCCCCUUAUCCA--GAGGGCCACCGG--CUUA---AUGUGG--U------CCGGUGCAGCCUGUUUC----CCGUGUAU
UUAGUCAGGCC----UGUCC------GCUACG----A------UGCCGGGCUACUG----CGUGCUGCCUGA-----GCCCGGUGCG,UUUGUCAGGCCCUCCUCGU---GGAGGCCACUUC--G------AAGAC---AA-----GAAGUGCAGCCUGUUUCC----GUUUUUU
CCAGUCAGGCC----CGCUUUA----GCUACU----AUUU---GUGGCAGCCU-------AGUGCUGCCUG------GCUGCUACUG,CUAGUCAGGCCUAGGGAAA---CCUAGCCACGG----------GGUGUGAGUA------CCGUGCUGCCUGUAAU--UUCGCGUUUU
ACUGUCAGGCC----CGCAC------GCCACC----CUG----GUGCGCCCGGAC-----GGUGCAGCCUGAG----GGGCGCGCUC,UGUGUCAGGCCCGGGGUUA---CCCGGCCACCGU---------UUACGU--CACU---ACGGUGCAGCCUGUUU-----GUGUAAUU
GGUGUCAGGCCGC--GUCACG---GCGCUACCG---GGCU---CCCCGCGUA-------UGGUGCAGCCUGAG----GCGCGGGGUC,CUUGUCAGGCCCGC-AUCUCC--GCGGCCACGCUU--------GAAAGUA-A-----GAGCGUGCAGCCUGUUUCC--UACUUUUUC
ACAGUCAGGCCG---CGAUAUC---UGCCACUA---GC-----GCCGCGGCA-------UAGUGCUGCCUGUAG---GCCGCGGCCG,UAUGUCAGGCCCGC-UUUCCU--GCGGCCACUCGA--------GAAUCG--A-----UCGAGUGCAGCCUGUUUC----CGAUUUUA
GGAGUCAGGCCGU--UGCUUGG--ACGCCACCU---UU-----CCCGCC--GGAGC---GGGUGCUGCCUGGAUA----GGCGGGCU,AUAGUCAGGCCCUACGAGA---GUAGGCCACCGGU--------GAACCGCGA-----GCCGGUGCUGCCUGA-----CGCGGUUUUA
CGAGUCAGGCCCA--UGAA-----UGGCUACG----AC-----GCCGCCCCAA-------UGUGCUGCCUG------GGGGUGGCUG,UUUGUCAGGCCCGUCUUAGU--GACGGCCACGUUA--------GAAGC---A-----UAACGUGCAGCCUGUUUUCC---GCUUUUU
UCUGUCAGGCCAU--CGC------GUGCCACU----ACA----GGCCCCCCACA------AGUGCAGCCUGCGCAG-GGGGGGCCCC,UUUGUCAGGCCUCG-GUUA----CGAGCCACCCA--UU-----UAAGGC--CAU----UGGGUGCAGCCUGUUUUCC--GCUUUAUU
CUAGUCAGGCCG---CCUU------CGCCACC----GGGGU--GGCCCGCGUG-------GGUGCUGCCUG------UGCGGGCCCC,AGUGUCAGGCCCAC-GUAUGA--GUGGCCACUAC---------GUUUCGA-UG-----GUAGUGCAGCCUGU------UUGAAGUUU
GGUGUCAGGCCCG--CCGG-----CGGCUACU----CA-----CGACCCGCUGGU-----GGUGCAGCCUGGAAGU-GCGGGUCGUU,AAAGUCAGGCCAGACUCAU---GUCUGCCACCAAG-AU-----AUUGCG--C-----CUUGGUGCUGCCUGUAAAAU--CGCGAUCC
CCAGUCAGGCC----CCGGGGC----GCCACG----AA-----GGGCACGCUG-------UGUGCUGCCUGAAG---GCGUGCCCGG,AAAGUCAGGCCACAGGAAA---CUGUGCCACGAG---------GAUUGC--AA-----CUCGUGCUGCCUGUAAUC---GCAAUCAA
GUUGUCAGGCC----UGGAGU-----GCUACG----G------UUCGGUGGGGG------CGUGCAGCCUG------CCGUCGGGGG,UUUGUCAGGCCCACCGUAUA--GGUGGCCACGUC---------AAGGGGC-C------GACGUGCAGCCUGUUUUU--GCUCUUUUU
CGAGUCAGGCCGAA-UGGUUAC-UUUGCUACG----UGCC---GGUCCCCGAA-------UGUGCUGCCUGCG----CGGGGGCCGC,UUUGUCAGGCCCGAGAUUU---CUCGGCCACUGG--U------CUGGGG--CCA----CCAGUGCAGCCUGUUC-----CCUUAGCU
CGAGUCAGGCCUG--CUUCAGC--CGGCCACG----CGACU--UCGGCCGCA--------UGUGCUGCCUGUAUGGGGCGGCUGGAG,UUAGUCAGGCCAUGCAAU----GCAUGCUACCCC---------GGGCGGG-AAG----GGGGUGCUGCCUGAAUCA--CCCGUCCCA
GGUGUCAGGCC----CUUCGCU----GCCACC----UGUC---CCGGGGACUCC------GGUGCAGCCUGGU----GUUCCCGGAC,UUUGUCAGGCCCGC-AAUC----GCGGCCACCGGU--------GAACG---A-----ACCGGUGCAGCCUGUUUUC----CGUUUUU
CUAGUCAGGCCG---GUCG------CGCCACU----CGC----CGGGCCC-GGA------GGUGCUGCCUGCACUAA-GGGCCCGAU,UUUGUCAGGCCCGC-UUUAUUC-GCGGCCACAUCAG-------UGGGU---UU---CUGAUGUGCAGCCUGUUUUC----GCCCAUC
CAAGUCAGGCCAGG-GCG-----CUUGCCACA----CGCC---CCGCGCCCA--------UGUGCUGCCUGAC----GGGCGCGGGA,UUUGUCAGGCCCUC-UUCUCU--GAGGCCACGUGG--------GGUGGCG-A-----CCACGUGCAGCCUGUUUU---CGCCGUUUU
CGUGUCAGGCC----GAGAC------GCUACU----CAUG---CCCCUAC-UAGC-----GGUGCAGCCUGAUUCUA-GUGGGGGAU,UAAGUCAGGCCCCCGGCACA--CGGGGCCACCGCA-G------GGCG----UGC---UGCGGUGCUGCCUGUAAUC-----CGCCAA
AUAGUCAGGCCUG--GCCA-----CAGCCACGU---UUC----CGGCCCGGAU------GUGUGCUGCCUGUUUCU-UUGGGCCGAU,AAAGUCAGGCCAUGCUAAC---GCAUGCCACGG---G------AAUCUCU-UAUA----CCGUGCUGCCUGU------GGGGAUUAA
GUAGUCAGGCC----AAAGC------GCCACCU---U------CCGGGGCCC-------GGGUGCUGCCUGAUCGG-GGCUCCGGUU,CAAGUCAGGCCACGGAUU----CCGUGCCACGUC--C------UUUGAACUC------GACGUGCUGCCUGUAAAA-AGUUUAAAAA
UUAGUCAGGCC----CUUAU------GCUACA----A------CGGGCGCCCGUA-----UGUGCUGCCUGGUAGGUGGUGCCCGGA,ACAGUCAGGCCCGGUUAAUU--GCUGGCCACUCC--UU-----GUACGUU-UU-----GGAGUGCUGCCUGAAAAA--AGCGUAUCG
UCAGUCAGGCCA---CCC-------UGCUACUA---AG-----GGGCGCGCGU------UAGUGCUGCCUGGGA---GCGCGCCCCG,AAAGUCAGGCCAUUCAAAC---GAAUGCCACCGG---------UUUACCC-AUG----CCGGUGCUGCCUG-------GGGUGAAAU
AAUGUCAGGCCC---GAGUAG----GGCCACC----CGU----CUGUCGGGGCGG-----GGUGCAGCCUGUAA---CCCGACAGGA,UUUGUCAGGCCCAGCUAACC--GCUGGCCACGAUU--------UGAGG---U-----GAUCGUGCAGCCUGUUUC-----CUUUGUU
AUUGUCAGGCC----GUCCCU-----GCCACU----GGG----GGGCCCCGUAUU-----AGUGCAGCCUGCUUGC-CGGGGUCUCG,AAAGUCAGGCCAGGAUUUGU--UCCUGCCACACUG--------UUGGUC--U-----CGGUGUGCUGCCUGUG------GGUCAAAA
UGUGUCAGGCC----GACAU------GCCACAG---GAU----ACGCGCCAAG------UUGUGCAGCCUG------UGGCGCGUCC,UUUGUCAGGCCCCGCUACC---GCGGGCCACGGAUG-------GAAGUG--A----CAUCCGUGCAGCCUGUUUUC---CGCUUUUU
ACAGUCAGGCCGU--CCGA-----ACGCCACG----AUC----GGCGGACGCGG------UGUGCUGCCUGGGUG--CGUCCGCCUA,UAUGUCAGGCCACC-UUUAAU--GGUGCCACCGC--C------UUUCUGC-C------GCGGUGCAGCCUGGUUC---GCAGAAAUU
CAAGUCAGGCC----UAGCCCG----GCCACUGG--GG-----CCGUGCGGU------CCGGUGCUGCCUGC-----CCGCGCGGUG,AAAGUCAGGCCCAACGGUG---GUUGGCCACGGCG--------GAUCGCA-A-----CGCCGUGCUGCCUGUAAAA--UGCGAUCAA
AGAGUCAGGCCGU--UGUAAC---GCGCUACGU---AGUU---CCUCGGCCA-------ACGUGCUGCCUGGAAC--GGCCGGGGAC,AAAGUCAGGCCAGGGAGCAA--CCCUGCCACGUUU--------GGAUCCG-AC----GAGCGUGCUGCCUG-------CGGGUUUUC
GAUGUCAGGCCG---CUCA------CGCUACCG---GCG----CCUGGCCGAG------CGGUGCAGCCUGAGUUUACGGUCGGGCG,CAAGUCAGGCCAUCCGGACA--GGAUGCCACUCGA--------AUUCGCU-C-----UCGAGUGCUGCCUGAAAUAA-AGCGAAUCA
GUUGUCAGGCC----UGUUCCG----GCUACG----AG-----UGGCCGGCCAUAG----CGUGCAGCCUGUA----GCCGGCCAGU,AGAGUCAGGCCGCGGGAAAA--CCGUGCCACGUGA--------GUUCGCCUA-----UCACGUGCUGCCUG------AGGUGAGUAU
AGUGUCAGGCC----GGAUCCU----GCUACA----GCGUC--GCCCGGGUA--------UGUGCAGCCUGGUAU--GCCCGGGUGG,UUUGUCAGGCCCAGGGUUA---CCUGGCCACGUAU-U------UAACG---CUC---GUACGUGCAGCCUGUUUUU----CGUUAUU
UUUGUCAGGCC----ACUCA------GCUACG----UAA----UCGCGUCCACUA-----CGUGCAGCCUGAGUGA-GGGCGUGAUU,AAAGUCAGGCCAAC-GAAUGA--GUUGCCACGUUA--------UUUGC---CU----UAGCGUGCUGCCUGUGAGAA---GUAAAAG
AAUGUCAGGCC----GCAUCCU----GCUACU-----------CGGCCAGUGAAC-----AGUGCAGCCUGACGGACACUGGUCGCG,CUUGUCAGGCCCGG-UGAU----CCGGCCACCACG-GAGA---GGGU----A-----CGUGGUGCAGCCUGUUUUCU----AUUUUC
ACUGUCAGGCCUG--UGCA-----UAGCUACG----UCACC--GCCACUG-AGC------UGUGCAGCCUGGUU----CGGUGGCGG,AAAGUCAGGCCAGGCUAAU---GCCUGCCACGGG--G------AAUCUGGUA------CCCGUGCUGCCUGUGAAA-ACCGGAUUAU
GAUGUCAGGCC----ACACUUA----GCUACU----UA-----GGCGGCCGUGU------AGUGCAGCCUG------CGGCCGCCGA,UAUGUCAGGCCCGU-GAGCCA--ACGGCCACUCC---------GAGGGGC-A------GGAGUGCAGCCUGAA-----GCCUUUUUA
UAUGUCAGGCCCUG-AGGUAGC-CAGGCCACG----UU-----CCCCCUCGACUAU----CGUGCAGCCUG------CGGGGGGGUA,UUUGUCAGGCCCGGGGAUUA--CCCGGCCACCGUG--------AAACG---AC----CACGGUGCAGCCUGUUUUC----CGUUUUU
AGUGUCAGGCCC---CGA-------GGCCACGG---GCG----UGCCGCGGAC------CCGUGCAGCCUGAGAAA-CCGCGGCGUA,AAAGUCAGGCCACGCUAACU--GCGUGCCACGUA---------UUUUCC--CC-----UACGUGCUGCCUGU-------GGAAAGAA
CGUGUCAGGCCGU--GCGU-----ACGCUACG----AUU----CGCGCGGGUGC------CGUGCAGCCUGCUG---UCCGCGCGUA,UUUGUCAGGCCCUCCUUACC--GGAGGCCACGGCGC-------GAAGGG--A----GUGCCGUGCAGCCUGUUUUC---CCCUUUUC
UAUGUCAGGCCCC--CGCGGCA--GGGCCACA----GC-----GCCGGACUACA------UGUGCAGCCUGAGUAU-AGUCCGGCAC,AAAGUCAGGCCCAACUCUUC--GUUGGCCACGCGC-UG-----UGGGU---U-----GCGCGUGCUGCCUGUAAUC----GCCCAAA
UUAGUCAGGCC----CCGCG------GCCACG----AGGUAG-GGUGUCGCU--------CGUGCUGCCUGGAGACUGUGGCGCCGA,AAUGUCAGGCCCCGGUGAAU--CCGGGCCACGCU--GC-----AGAGUGGGG------AGCGUGCAGCCUGAAAC--CUUACUUUUU
GUUGUCAGGCCUC--GUGGUA---GGGCUACA----ACAU---GGGGCGGCGA-------UGUGCAGCCUGUACG--GCUGUCUCUC,AAAGUCAGGCCACC-UCUUAU--GGUGCCACGGGC--------UUUUCGC-C-----GCCCGUGCUGCCUGUAAUC--GCGAAAAAA
CCUGUCAGGCCCGU-UCAUACA-ACGGCUACCG---A------GCUGGCGCAUC-----UGGUGCAGCCUGAGCUAAGCGCCAGCGG,AUAGUCAGGCCCAGCCCUAU--GCUGGCCACGGUU--------GAAGGGACG-----AACCGUGCUGCCUGAA----GUUCCUUUUC
UUUGUCAGGCC----UGCGCGC----GCUACACG--GU-----GCCCGUC-AU-----UGUGUGCAGCCUGUCU----GACGGGCCG,AAAGUCAGGCCCAGCGAAA---GCUGGCCACGGCG--------UUUUCCUCU-----CGCCGUGCUGCCUGU-----GAGGAAAGAA
AAAGUCAGGCCGGU-AGGCA---GCUGCCACA----GA-----GGGGCGAGAGC------UGUGCUGCCUGCAGACCCUCGCCUCAG,UAUGUCAGGCCACC-UCUAU---GGUGCCACUCG---------UUUCUGG-U------CGAGUGCAGCCUGUUU----CCAGAAGUU
ACAGUCAGGCCGG--UCGG-----UUGCCACG----GUA----GCGGGGC-GUGGC----CGUGCUGCCUGCACAUU-GCCCCGCGG,UUUGUCAGGCCCGUCGAGA---GAUGGCCACGGU--GA-----AAACG---AGA----GCCGUGCAGCCUGUGUU-----CGUUUAA
AUUGUCAGGCCU---UGAAUA----GGCUACG----CAGCA--GACGUCCCUA-------CGUGCAGCCUGAGGCG-GGGGCGUCGA,UUUGUCAGGCCCUCCUACU---GGAGGCCACCCC--U------AAACG---CC-----GGGGUGCAGCCUGUUUUUU---CGUUUUU
AUAGUCAGGCCU---UCU-------GGCCACCG---A------GGCGCCGGU-------UGGUGCUGCCUGACG---CCGGCGCCAU,UUUGUCAGGCCCUC-UUAU----GAGGCCACCGAU--------UGUGGAG-U-----GUUGGUGCAGCCUGUUUU---CUUCGUAUU
GUAGUCAGGCCU---UGAAUUU---GGCCACG----UACAC--GCCGGCCUU--------CGUGCUGCCUG------GGGCCGGCCA,AAAGUCAGGCCAGUCUCCG---GACUGCCACGGCG-G------UUUCC---A-----CGCCGUGCUGCCUGU--------GGAAAAG
UAAGUCAGGCCUU--AAGC-----AAGCUACCG---G------GGCGGGC-UUA-----UGGUGCUGCCUGGCG----GCCCGCCCG,UUUGUCAGGCCCUACGUUUA--GUAGGCCACGGU--AUG----AUUGGG--G------GCCGUGCAGCCUGUUUU----UCUAGUUC
CGAGUCAGGCCAG--AGACGG---UUGCUACU----AU-----GGCCUCGGCC-------GGUGCUGCCUGUU----CUGGGGCCUG,CAAGUCAGGCCAGGUGUACG--ACCUGCCACCGG--A------AAACUG--C------CCGGUGCUGCCUGUAAAU---CAGUUUCC
CAUGUCAGGCCU---AGUC------AGCUACC----CU-----CGCGCCGGCA-------GGUGCAGCCUGCUAG--CCGGCGCGUG,UGUGUCAGGCCCGG-GAAA----CCGGCCACAGU---------UUUACCG-UU-----ACUGUGCAGCCUG-------UGGUGAGUU
UUAGUCAGGCC----UGUCGAC----GCCACUGU--G------GCCGCCCGU------GUGGUGCUGCCUGACCC--CGGGCGGCCA,CCAGUCAGGCCUAC-UAUA----GUAGCCACCUU---------ACGUCCGGC------GAGGUGCUGCCUGAAAGU-CCGGGUGUCC
AGUGUCAGGCC----GGUUA------GCUACG----GU-----GCGGGUGGCCAUU----CGUGCAGCCUGGCAU--CCGCCCGCUU,AAUGUCAGGCCUUCCCGUC---GGAAGCCACAA----------GGUCGAGAAG------UUGUGCAGCCUGAGCCCUUUUCGGUUUC
UAAGUCAGGCCGGU-CCU-----GUCGCCACGGG--G------CCGGCGCGAA-----CUUGUGCUGCCUGAGGCAACGCGUCGGAA,UAUGUCAGGCCCGAGAUGG---CUCGGCCACGCU---------GAAGGG--AACC---AGCGUGCAGCCUGCUUA----CCCUUUCC
CAAGUCAGGCC----UAUGA------GCUACGG----------GUGCCGG-CCCU----UUGUGCUGCCUGGG-----CCGGCGCAC,CUAGUCAGGCCCGC-AGGUC---GUGGCCACUAGC--------GCACGG--A-----GCUGGUGCUGCCUGG-------UUGUGUCA
GGUGUCAGGCC----UGAAUU-----GCUACC----CU-----AUGGGCGGAAAGA----GGUGCAGCCUGUCUU--CCGCCCGUUG,UUUGUCAGGCCCCACGAUG---GUGGGCCACCCC--U------AAACG---CC-----GGGGUGCAGCCUGUUUUC----CGUUUCA
UCAGUCAGGCCGG--AACG-----CCGCUACAA---ACAC---GCCCCGCCU-------UUGUGCUGCCUGU-----GGCGGGGCGA,UUUGUCAGGCCCUCGGUUA---CGAGGCCACCGG--GA-----AAUGGGG-A------CUGGUGCAGCCUGUUUAU--CUUCAUUAU
UCUGUCAGGCCC---UUGAGU----GGCUACG----GUCC---CUCCGCGCC--------CGUGCAGCCUGUGACA-GCGCGGAGCG,UUUGUCAGGCCCACCUAUU---GGUGGCCACGGC---------UUGGG---AUU----GCCGUGCAGCCUGUUUUU----CCUAGUU
GGUGUCAGGCCUU--UCA------GAGCCACG----G------GCGGGCGGAAGA-----UGUGCAGCCUGCG----CCGCCCGCAG,AAAGUCAGGCCAACCGCUAG--GGUUGCCACAGG--U------UUUCGGAUU------CCUGUGCUGCCUGAAAAU-GUCCGAAGUG
UCUGUCAGGCC----CCUCU------GCCACU----UGGC---GCCCCCC-GGUC-----GGUGCAGCCUGCAC----GGGGGGCCA,AAAGUCAGGCCCGGGGUUA---CCCGGCCACCCAC--------GAACGCG-A-----GUGGGUGCUGCCUGUAAAA--CGCGUUUCC
UCAGUCAGGCCG---GGAAU-----CGCUACU----GA-----GGUGGUGCCAUCG----GGUGCUGCCUGGAA---GUACCGUCUA,AAUGUCAGGCCGAUCUAUA---GAUCGCCACGGGA--------UUUGGCC-C-----UCUCGUGCAGCCUGAAA----GGUCAAGAA
UCUGUCAGGCCU---UGUG------GGCCACGA---GGU----UGUGCGCCA-------UCGUGCAGCCUGCAAAG-GGCGUACGGU,UUAGUCAGGCCCAC-CCCUACC-GUGGCCACGGU---------GCUCGC--CCAA---ACCGUGCUGCCUGAAUC----GCGAGUUU
AAAGUCAGGCC----GGUUGUC----GCUACGAG---------GCGCGCGCUAU----CUUGUGCUGCCUGCCU---GCGCGCGCGA,UCAGUCAGGCCAU--GGUUGUA--GUGCCACUCCC-GA-----GCAACG--A-----GGGAGUGCUGCCUG--------CGUUGCGG
ACUGUCAGGCCGG--CUUG-----UCGCUACG----GAUG---UCAUGGGGAAG------CGUGCAGCCUGCCG---UCCCAUGGGU,AAAGUCAGGCCAUC-UAAU----GAUGCCACGGCG--------UUUCUCC-U-----CGCCGUGCUGCCUGU------GGAGAAGAA
CUUGUCAGGCCA---AGAUG-----UGCUACG----G------ACCUGCGCCACGU----CGUGCAGCCUGAUAAUGGCGCGGGUUC,AAUGUCAGGCCCGGCGAAAA--GCCGGCCACGGA--GCC----AUUCCC--A------UCCGUGCAGCCUGUUUA----GGGAAUUU
CAUGUCAGGCCGUU-GAAA----AACGCUACUG---UA-----CCGGGGCGC-------CAGUGCAGCCUGUAC---CGCCCCGGUA,CAAGUCAGGCCCAA-GUUUAU--UUGGCCACGUG---------GUGUGC--AUA----CGCGUGCUGCCUGAGAACU--GCGCGCGA
GUUGUCAGGCCUG--GGGGCUG--UAGCUACU----C------GGCCCCCGAAUG-----AGUGCAGCCUGUCCUUACGGGGGCCUC,CCUGUCAGGCCCAC-GUAA----GUGGCCACUCC--AGCCCA-AAUU----A------GGAGUGCAGCCUGUUUU------AAUUUC
AUUGUCAGGCCUU--UCGG-----AGGCCACCC---UC-----CGGGGCGCG-------GGGUGCAGCCUGCGUU--GCGCUCCGCC,AAAGUCAGGCCACGCAAUU---GCGUGCCACUCGG--------UUUGGUGUU-----CCGAGUGCUGCCUGAAC---GCGCCAAAAG
AUAGUCAGGCC----GCAUG------GCCACGU---AUA----CGGCUCGCA-------GUGUGCUGCCUGC-----GCGGGCUGUG,UUUGUCAGGCCCAUCGAUAA--GAUGGCCACCGCA--------AAGC----CC----UGUGGUGCAGCCUGUUUUC-----GUUUUU
AAAGUCAGGCCG---GAG-------CGCCACA----CUGAG--GCUGGAU-G--------UGUGCUGCCUGCUU----AUCCGGCCU,AAAGUCAGGCCCAGCAAAC---GCUGGCCACGUAG-U------UUUCGC--CU----CUACGUGCUGCCUGUGAAAC--GCGAAAUA
CAAGUCAGGCCU---CACGCAU---GGCCACU----GUUU---CGCGUUAGCGC------GGUGCUGCCUGGAAGUACUGGCGCGGC,UUUGUCAGGCCCCUCUUAGC--GAGGGCCACCCC--ACA----AAAUGG--A------GGGGUGCAGCCUGUUUUC---CCGUUUCC
AUAGUCAGGCCCC--CGA------GGGCCACUCC--GU-----GAGG----CUAGG--GGAGUGCUGCCUGCUCU------CCUUGC,AAAGUCAGGCCAGACAAAC---GUCUGCCACUCGC--------GAUGCGC-G-----GCGAGUGCUGCCUGUAAAU--GUGCGUUCC
GCAGUCAGGCCGCG-GAAAGU--CGUGCUACCU----------UGCCGCCGAGG-----GGGUGCUGCCUGAUCA--CGGCGGCAGC,AAAGUCAGGCCAUC-GAUGGA--GAUGCCACGUGC--------GAUGGA--A-----GUGCGUGCUGCCUGUGAA----UCCGUUAU
CAUGUCAGGCCG---ACCAAUU---CGCCACC----AGC----GUCGGGGGGUAG-----GGUGCAGCCUGACAUA-CCCCCGGCUU,AGAGUCAGGCCAGAUUAAAU--GUCUGCCACGGU--U------UUUGUCGUU------GCCGUGCUGCCUGAAGA--GUGACGAGUA
UCUGUCAGGCCGU--GUAGGAC--GCGCCACA----GU-----UCAGCCCCAUC------UGUGCAGCCUGCGGACUGGGGCUGGCC,CUUGUCAGGCCCAGUAAAAC--GCUGGCCACGGCG--------UCAGCGG-AG----CGCCGUGCAGCCUGAAAC---CCGCUGAUU
CCUGUCAGGCCGU--AAGGCGU--GCGCUACG----AG-----UGGCCGGCCAU------UGUGCAGCCUGCCG---GCCGGCCGUA,AAAGUCAGGCCAGUCGCAA---GACUGCCACGGC--GA-----UUUGUCUCC------GCCGUGCUGCCUGA-----GAGACAAGAA
UCAGUCAGGCC----GCCGA------GCCACG----C------GCGGGGCCCGUA-----CGUGCUGCCUGUUCC--GGUCCCGUAC,AAUGUCAGGCCCGUCCAAG---GACGGCCACGUAG--------GUUCGG--UG----UUACGUGCAGCCUGUUU-----CCGAGUAA
UGUGUCAGGCCCG--UUCAAGU--CGGCCACU----GAUG---GGGGCCCCAU-------AGUGCAGCCUGGUA---GGGGCCCCCA,AAAGUCAGGCCCAGGGAAA---CCUGGCCACCGCU--------UUUCU---U-----AGUGGUGCUGCCUGU--------GGAAAAA
GGAGUCAGGCC----CGAUGU-----GCUACG----UGC----AGGCGGG-UGGUC----CGUGCUGCCUGCCG----CUCGUUUCC,UUAGUCAGGCCCGA-UAAGAU--UCGGCCACCAU---------GUAUGGG-A------AUGGUGCUGCCUGACA----CCCGUAUCC
UGAGUCAGGCCGGG-GGGAAAU-CUCGCUACG----UCA----CGCUGUGCCAUU-----UGUGCUGCCUGAAAA--GCGCAGCGAC,AAAGUCAGGCCUGCUUAAU---AGUAGCCACGGG--UA-----AUUGUUGCU------CCCGUGCUGCCUGAAUC--GCGACAAUAU
CUUGUCAGGCC----GCAAU------GCCACG----UC-----CCUGCGCGAGAU-----CGUGCAGCCUGCU----CGUGCGGGAA,AAAGUCAGGCCCGG-GAUCA---CCGGCCACGAG--AAAG---CUUGC---C------CUCGUGCUGCCUGAAGAU----GCAAGAA
UAAGUCAGGCCGU--GAGCA----GUGCUACG----UCUC---GGGGGCCCUU-------CGUGCUGCCUGCCAA--GGGCCCCCGG,AGAGUCAGGCCCAGCUGCU---GCUGGCCACCGAU-C------UGUGCA--A-----AUUGGUGCUGCCUGAGAUA---UGCGUGAA
CGAGUCAGGCCC---CGGGCAA---GGCCACA----GG-----GGGGCGCUUA-------UGUGCUGCCUGAGAU--GGCGCCUCAU,UAUGUCAGGCCAUGCGACUG--GCGUGCCACGUU--GA-----CUUGUU--A------AACGUGCAGCCUGAAG-----AGCGAGAA
GCAGUCAGGCCCUG-GAUAC---CGGGCCACCAUA--------CGCGGGGGA-----UGUGGUGCUGCCUGGUGC--CCCCCGCGCG,AUAGUCAGGCCCCG-UUCUU---CGGGCCACGUG--UA-----UGCGAGGUU------CACGUGCUGCCUGGGUUUCGUCUCGUAGC
UUUGUCAGGCCC---GCAGCGG---GGCUACU----CCU----GCCCCCC-UGU------GGUGCAGCCUG-------GGGGGGCUU,UUUGUCAGGCCCGGGGAUG---CCCGGCCACUC---AACCC--AAAAC---CGC-----GAGUGCAGCCUGU--------GUUUUAU
UUUGUCAGGCCU---UAG-------GGCUACC----ACAUGA-CGGCGCGCU--------GGUGCAGCCUGG-----GCGCGCCGAA,UUUGUCAGGCCCUC-UUAU----GAGGCCACGGU--U------AAACUAA-U------ACCGUGCAGCCUGUUUUU--UUAGUUUUG
UUUGUCAGGCCUGCUUAA----AGUAGCCACG----AA-----GCCUCCGGGU-------CGUGCAGCCUGCG----CCGGGGGCGU,AAAGUCAGGCCACCCGAAA---GGGUGCCACCGC---------GUAUGCA-A------GUGGUGCUGCCUGUAAGAA-UGCAUAUAA
UGAGUCAGGCCAU--AAAGA----GUGCUACG----GCUCUG-CGGGGGG-A--------UGUGCUGCCUGUUAAAA-CCCCCUGCA,GAUGUCAGGCCU---AUGAA-----AGCCACCUGG-A------UGCCUC--AG----CUAGGUGCAGCCUG--------GGGGCGCA
GGUGUCAGGCCG---GUAAC-----CGCUACG-----------CGGCUGGCCGAUA----CGUGCAGCCUGUU----GCCGGCUGUC,UUAGUCAGGCCCGGUGGAUA--GCCGGCCACGCGU--------GAACGGG-AG----AUGCGUGCUGCCUGAACAAU-CUCGUUUCG
GCUGUCAGGCCGU--GUGAAC---GCGCUACG----CAUCAA-CCCUCCAGG--------CGUGCAGCCUGUUUGAGCUGGGGGGUC,AAAGUCAGGCCCUGCGAAA---GCAGGCCACGUCU--------GUUCC---GA----AGACGUGCUGCCUGU--------GGAAUAU
CAUGUCAGGCCU---GAGG------GGCUACCU---UC-----GCGGGGGGACU-----GGGUGCAGCCUGAUGUU-CCCCCUGCAU,UAAGUCAGGCCCGG-UUUACU--CCGGCCACGUU--UAUC---UCUG----CG-----AACGUGCUGCCUGUCC-------CAGAAA
CCAGUCAGGCCG---CACCCUU---CGCCACCU---A------GCCCCGGCC-------GGGUGCUGCCUG------GCCGGGGCAU,CAUGUCAGGCCGU--UUUUC----GCGCCACGGA--U------GGUUUCG-U------UCCGUGCAGCCUGUU-----CGAGGCCCU
GGUGUCAGGCCGG--GUGGGGA--UCGCCACG----AUACAG-GCCCGCCGG--------CGUGCAGCCUGACGAA-CGGCGGGCUG,CUUGUCAGGCCCGCCAUUCC--GGCGGCCACAGAG--------GGGUGGGGA-----CUCUGUGCAGCCUGUUU---CUUCGUUUUA
AAUGUCAGGCCAC--GGUGAU---GUGCCACC----GU-----GCCGGCCGCA-------GGUGCAGCCUGA-----UGGCCGGUAC,AAAGUCAGGCCAGGAUCACU--UCCUGCCACGGG--GC-----AUAUCCC-A------CCCGUGCUGCCUGUG-----GGGAUAUUA
CCUGUCAGGCCA---CCUAC-----UGCCACGUC--C------GGCGCCCGUA-----GGCGUGCAGCCUGGAUCA-UGGGUGCUGG,CUUGUCAGGCCCAUCGAUC---GAUGGCCACGCGA-C------AGGG----GCG---UCGCGUGCAGCCUGUUUU------CUCUUU
CCAGUCAGGCCGG--GGU------UUGCUACG----C------UCUGUCCGUACCU----CGUGCUGCCUGCCACUGCGGGUGGGAG,AAAGUCAGGCCCGGCGAUCA--GCUGGCCACGACC-AUCA---UUCC----C-----GGUCGUGCUGCCUGU---------GGAAAG
UGAGUCAGGCCUGACGAGAG--GUCGGCCACGA---CCCA---CCGGCCCGA-------UCGUGCUGCCUGAA----UGGGCCGGCA,AGUGUCAGGCCUCGGGAAA---CUGAGCCACGAG--UA-----UUUCGCC-CC-----CUCGUGCAGCCUGUUU----GGUGAAGAA
GAUGUCAGGCCGG--AGAAGG---UUGCCACGAU--U------GCCUCCCGA------GUUGUGCAGCCUGAAU---CGGGGGGUGG,AAAGUCAGGCCAGGGAUCU---CCCUGCCACCAC--UG-----UUUCCU--U------GUGGUGCUGCCUGUAAAU---GGGAAAAA
GAAGUCAGGCCG---UGCAU-----UGCUACAA---UAG----CGGCGCCUUG------UUGUGCUGCCUGUCAGG-GGGCGCCGUC,CAAGUCAGGCCAGC-GUUA----GCUGCCACCAAG--------AUUUGCG-C-----CUUGGUGCUGCCUGUAAAAU-CGCAAAUAA
GCAGUCAGGCCG---GCAA------CGCCACC----UGGA---GCUGCCCCU--------GGUGCUGCCUGU-----GGGGCGGCCC,UGUGUCAGGCCUGUCCUCG---GACAGCCACGGGA--------UUUUUACCU-----UCCCGUGCAGCCUGU-----GGUGGAAAAG
CGUGUCAGGCCGCC-GAGUC---GGUGCUACG----G------UGGCGUGGAGUG-----UGUGCAGCCUGUUGUCGCCGUGCCGGA,UUUGUCAGGCCCUC-AUAUC---GAGGCCACCCUC--------GAAGGACGA-----GAGGGUGCAGCCUGUUUUUCCGUUCUUUUA
CUUGUCAGGCCCUUAUAA----UAAGGCCACG----C------GCGGCGGACACA-----UGUGCAGCCUG------UCCGCCGUAU,AAAGUCAGGCCCCAGGAUA---CUGGGCCACUCCA--------GUUCC---G-----UGGAGUGCUGCCUGU--------GGAAUGU
GCAGUCAGGCCUA--UAGCC----UAGCCACUG----------CGCCGUGGAAA-----CGGUGCUGCCUGGGCCCCCCGCGGCGCU,AAAGUCAGGCCCGG-UGAAU---CCGGCCACGUCG--------AUUCUC--CC----UGACGUGCUGCCUGU-------GAGAAUGU
ACUGUCAGGCCG---UGC-------UGCCACA----AG-----CGGACCUCUA-------UGUGCAGCCUGAGCU--GAGGUCCGUC,AAAGUCAGGCCAGGGAAUAA--CCCUGCCACGUGG--------GUUCCUC-UA----CUACGUGCUGCCUGU------GAGGGAUGA
AAUGUCAGGCC----AAACUG-----GCCACG----AUAAA--CCCCCCCGC--------CGUGCAGCCUGUAGA--CGGGGGGGUG,CAUGUCAGGCCUACCAUCUA--GGUAGCCACCCG--AU-----UUGUCGC-C------CGGGUGCAGCCUGUUUCUA-GCGGUAAUU
GGAGUCAGGCC----UUAAA------GCUACA----CCU----CGGGCCUCGAG------UGUGCUGCCUGGUCCC-GAGGCCCGAG,ACUGUCAGGCCCGC-UUA-----GCGGCCACCAA---------UUUCGU--CU-----UUGGUGCAGCCUGAAAAUU--GCGAGAAA
GCUGUCAGGCCU---CAGGUU----AGCCACU----CCGAAG-CGCGC---UAA------GGUGCAGCCUGCGGCUC---GCGCGUU,UUUGUCAGGCCCAG-GUUA----CUGGCCACCAUG-U------UGAG----UU----CGUGGUGCAGCCUGUUU-------UUUAUU
CGAGUCAGGCCG---UGCG------CGCCACU----UCUG---GGCGGCCUGCU------GGUGCUGCCUGAAU---AGGCCGCCCC,AAAGUCAGGCCUCC-UAUACC--GGAGCCACGGGU--------GCUCGCC-UA----ACCCGUGCUGCCUGA------GGCGAGUGG
AUUGUCAGGCC----AUUGGG-----GCUACA----UCUG---GGAGGCC-AUC------UGUGCAGCCUGGUGA---GGCCUCCUA,GUAGUCAGGCCGU--CCAUUAA--ACGCCACAGG--U------AGAGACUCC------CCUGUGCUGCCUGAAA---GAGUCUCUGU
AUAGUCAGGCCC---GGUG------GGCCACG----UCAU---GCCGGGGUCUU------UGUGCUGCCUGGU----GCCUUGGUUU,UUUGUCAGGCCCGUCAAAC---GACGGCCACGGA---------UAAGAA--CCGU---UCCGUGCAGCCUGUUU-----UUCUUGUU
AGAGUCAGGCC----UUCGC------GCUACU----AUUUG--GGGGCGCCUU-------GGUGCUGCCUGAGCGUUGGCGCCCCAC,CCUGUCAGGCCCGACUAAU---GUCGGCCACCCC---------GGUGGGA-A------GGGGUGCAGCCUGUUUUAA-UCCUAUUCU
CUUGUCAGGCCG---UACCUG----UGCCACAG----------UCGAACGGUCUG----UUGUGCAGCCUGUAUCA-CCGUUUGGCC,UUUGUCAGGCCCG--AAUAGC---CGGCCACAUGG--------AAACACG-C-----CCGUGUGCAGCCUGAGUCCC-CGUGUUUUU
UGAGUCAGGCCA---CCGUACA---UGCUACU----UA-----GAGGCCGGGAAUC----AGUGCUGCCUGAAA---CCGGCCUCAC,UAAGUCAGGCCCAGGGAGA---CCUGGCCACGUC---------GGGGGCG-AAC----GGCGUGCUGCCUGUAAUC--CGUUUUUUU
AGUGUCAGGCCU---UUAAU-----AGCCACUA----------CGGGGCCCAAGGC---UAGUGCAGCCUGGCGACCGGGUCCUGGG,UUUGUCAGGCCCAC-AAUUGA--GUGGCCACCACC-G------AAGUGCG-A-----GGUGGUGCAGCCUGUUUUCU-CGCGUUUAU
GAUGUCAGGCCUC--ACAC-----GGGCCACG----ACA----GCGUUGGCUCUC-----CGUGCAGCCUGAU----GCCGACGCUC,UCUGUCAGGCCUUGACUUCA--UCAAGCCACGCG---------CCCUUGA-C------CGCGUGCAGCCUGAAACU--UCAAGGGGA
UUUGUCAGGCC----UGGCCAC----GCCACG----CUC----GUCCCGGGGCCC-----CGUGCAGCCUGUCGC--CCCGGGGUCU,UUUGUCAGGCCCCG-AAAAUC--CGGGCCACGUG--G------AUAAGUG-ACU----CACGUGCAGCCUGAAUCA--CACUUAUAA
GAUGUCAGGCCG---GCUGCCA---CGCUACA----GUC----CGCGGAGCG--------UGUGCAGCCUGCCGCUGGCUCCGCGAC,UUUGUCAGGCCCGCCUUUU---GGCGGCCACGUAU-A------AUGCGG--C-----GUACGUGCAGCCUGUUU-----CCGUGUCC
CGAGUCAGGCCGU--CUCUCGU--AUGCUACU----AAA----GGGGCCCCUUC------AGUGCUGCCUGACAA--GGGGCUCCGU,AAAGUCAGGCCAGCCGAAA---GGCUGCCACUCCC--------UCUUGUAUU-----GGGAGUGCUGCCUGUGAAA-GUACAAGAAA
CGAGUCAGGCCGGU-AGUCUA--ACUGCUACC-----------GGCCCGGCCCAAG----GGUGCUGCCUG------GCCGGGCCAU,UUUGUCAGGCCCGC-UUUUUCU-GCGGCCACGGGAG-------GAAGGA--A----CUUCCGUGCAGCCUGUUUUUU--UCUUUUUC
AUUGUCAGGCCC---CAAU------GGCCACGU----------GUCCGGCGGGU-----GUGUGCAGCCUG------CGCCGGGCUC,UAUGUCAGGCCUCC-AGUAAAA-GGAGCCACAGA--C------GUUCUG--G------UUUGUGCAGCCUGAAUUU---CGGAAUUU
GUAGUCAGGCCGAC-GAGGAU--GUCGCCACU----UGAGG--CGCGCGC-AA-------GGUGCUGCCUGCCU----GCGCGCGGC,CUUGUCAGGCCCC--GGUAUA---GGGCCACUCGA-GA-----AGG-----AUAA--UCGAGUGCAGCCUG-----------UUUUU
GAAGUCAGGCCAC--CAGC-----GUGCCACG----UG-----CGCCCCC-CUC------CGUGCUGCCUGCA-----GGGGGCGCU,AAAGUCAGGCCCCUCAAAC---GAGGGCCACGGGG--------CAUCU---AACA--CCCCGUGCUGCCUGUG-------GGAUGUU
CUUGUCAGGCCUGC-GUUUCC--GCGGCUACG----GUG----GGCCGCGGCGA------CGUGCAGCCUGUAAUGUUCGCGGCCAC,AUAGUCAGGCCCAGCAAA----GCUGGCCACGUUU--------GAGGGGG-A-----AAACGUGCUGCCUGG------CCCCUUUUC
GGAGUCAGGCC----AAGCU------GCCACU----CA-----GGGGGCGGUUGCA----AGUGCUGCCUGGGUGC-CCGCCCCCUC,UUUGUCAGGCCCCGGGUUA---CCGGGCCACCGUG--------UGUGGGUGU-----UACGGUGCAGCCUGUUUU--CGUCCGUGUU
AGUGUCAGGCC----UGGGU------GCCACAU----------GCCGGAGCUAGG----AUGUGCAGCCUGUUAU--GCUCUGGCGA,UUUGUCAGGCCCGG-UAUCU---CCGGCCACGAG---------GAAGUUGGA------CUCGUGCAGCCUGUUUU--UUGACUUUUU
UGAGUCAGGCCC---UAGUAC----GGCUACUU----------CCGCCGCGGACCU---AGGUGCUGCCUGU-----CGUGGCGGGC,AAAGUCAGGCCCAC-GAAAUA--GUGGCCACCGA--AGU----UUCC----A------UUGGUGCUGCCUGUAA-------GGAAUG
GCUGUCAGGCCU---UAUUAC----GGCUACC----CUUUC--CACGGCCCCA-------GGUGCAGCCUGCGCA--GGGCCGUGCC,UAUGUCAGGCCCGC-UACG----GCGGCCACCAGA--------UUUUAGG-UU----UUUGGUGCAGCCUGUUUCCC-CCUAAAAAU
AGAGUCAGGCCAAGGCCGG---CCUUGCUACGA---G------GGCCGGGCCGGC----UCGUGCUGCCUGU-----GUCCGGCCUU,AAAGUCAGGCCACC-GUAG----GGUGCCACCAC---------GAUCGG--AA-----GUGGUGCUGCCUGUAAAA---UCGAUCAU
CCAGUCAGGCC----GGCCC------GCUACG----A------CCCAGCGCACG------UGUGCUGCCUGCUU---GCGCUGGGCA,UUUGUCAGGCCUCC-UAAAU---GGAGCCACCG----------GGUGGA--GUGA----CGGUGCAGCCUGUU------UUCGUUUU
UAUGUCAGGCCCU--AAAGU----AGGCCACUU---UU-----CGCCGCGCAAA-----AGGUGCAGCCUGGACUAGGCGCGGCGGA,AAAGUCAGGCCCCUCGUGCA--GAGGGCCACGGU--GAC----CUA-----AA-----GCCGUGCUGCCUG-----------UGGAA
AAAGUCAGGCCU---UCGCCUU---GGCUACU----AUCAA--CGGGGGGCAC-------GGUGCUGCCUGAAU---GCUCCCCGCU,AUUGUCAGGCCUUGGAAAC---CCGAGCCACGUU--G------GAUUGCGGC------GACGUGCAGCCUGAAA---CCGUGAUUUA
CUAGUCAGGCC----GGUCACA----GCUACGG----------GCGGGCGGUAGUU---CUGUGCUGCCUG------CCGUCCGCCU,CUUGUCAGGCCCCGCUGC----GCGGGCCACGU----------CGACGGA-AGC-----ACGUGCAGCCUGAACCC--UCCGUUGUA
CUUGUCAGGCCU---UCGGUCC---AGCUACC----ACGA---GGGGGCU-C--------GGUGCAGCCUGUUGAGG-AGCCCCCGA,CAUGUCAGGCCUGA-GUCA----UCAGCCACGGAG--------UAGGGGCGU-----CUCCGUGCAGCCUGAAAUACCGCCCUUAAU
AUAGUCAGGCCCA--AAUAU----UGGCUACG----UGC----GCGGGGCGC--------UGUGCUGCCUGU-----CGCCCCGCUU,AAAGUCAGGCCGAUCGAAAG--GAUCGCCACGGGU--------UUUGCUG-UU----AUCCGUGCUGCCUGAGAAU--CAGUGAACG
CAAGUCAGGCCU---GACU------GGCUACG----AC-----GGGCGGGGCA-------UGUGCUGCCUGACUCU-CCUCGCCCCU,UUUGUCAGGCCUGAGUCC----CUCAGCCACGUGG-C------AACGC---U-----CUACGUGCAGCCUGAAUC-----GCGUUUU
AAAGUCAGGCCU---UCAU------AGCCACAC---AU-----CCGCGGG-UG------GUGUGCUGCCUGGACA---CCCGCGGAA,AAAGUCAGGCCAUCCUUUUC--GGAUGCCACGUA--G------UUUACC--A------UGCGUGCUGCCUGUG------GGUGAAAG
CGAGUCAGGCCCU--GCACAAU--AGGCUACUU---AUU----GCCUGGGGGU------GGGUGCUGCCUGCAAUA-CCCCGGGCUA,CCAGUCAGGCCACG-UCCCCUC-CGUGCCACGGU--CC-----CUGGUCC-CC-----GCCGUGCUGCCUGUAAC---GGGUUGGUG
CAAGUCAGGCC----UACCU------GCCACA----CUAC---UCCCGGG-GG-------UGUGCUGCCUGAUAGG--CCCGGGGUA,UAAGUCAGGCCCACCAAUUC--GGUGGCCACGGU---------GAUGAC--AG-----AUCGUGCUGCCUGUAA-----GUCGUUUC
GCAGUCAGGCCC---GGUGG-----GGCUACUG---CUGG---CCGCGGCGC-------CAGUGCUGCCUGU-----CGCUGCGGCA,UUUGUCAGGCCCGC-UUAGUUC-GCGGCCACCGAGA-------GAAUG---A----UUUCGGUGCAGCCUGUUUCCC---CGUUCUU
GAAGUCAGGCC----CCAAUU-----GCCACG----GC-----GCGGGGCGUUGA-----CGUGCUGCCUGUUUAU-CGCCCCGCUA,AGAGUCAGGCCCUUCGAAAA--GAAGGCCACGUG---------UUUGGGC-C------CACGUGCUGCCUGAAAUU--GCCUAAGAA
AUAGUCAGGCCU---GCUUUUC---GGCCACUU---G------GCCUGCGCGGUA----GGGUGCUGCCUGCAAU--GCGCGGGCGC,CUUGUCAGGCCCUC-UCAU----GAGGCCACCGGC--------UAACGG--U-----GCCGGUGCAGCCUGUUUUCC--CCGUUAUA
ACAGUCAGGCCAUU-GUC-----GAUGCCACG----CGGU---GCGGUGCCCAU------CGUGCUGCCUGCAAUA-GGUGCCGCUA,GUAGUCAGGCCAUGGAUC----CCGUGCCACGCG--A------AGACCCGAC------CGCGUGCUGCCUGACAU--UUGGGUUUAG
AAAGUCAGGCCGG--CUCAGA---CUGCCACU-----------CUGGGCACAGCUA----AGUGCUGCCUGCCCGC-GUGCCCAGUU,CUUGUCAGGCCCUCCAUAGC--GGAGGCCACGCGC--------GAAUGGAGA-----GCGCGUGCAGCCUGUUUUUACUUCGUUUUU
AAUGUCAGGCC----CUGGCA-----GCCACC----U------GGCCCGCGCUG------GGUGCAGCCUGUGGUU-CGCGGGCCGU,UCUGUCAGGCCAUGUAAUUC--AUAUGCCACCGC--C------CGCGUGCUU------GCGGUGCAGCCUGAAU---GGCGCGCGUA
CGUGUCAGGCCGU--CUCAUUA--GCGCUACCA---C------GGGCCGUCCGC-----UGGUGCAGCCUGCGUCCCGGUGGUCCGC,CUAGUCAGGCCAUGCGGAC---GCAUGCCACGACG--------GAGCGCC-A-----CGUCGUGCUGCCUG-------GGCGUUUUC
CAUGUCAGGCC----GGACG------GCUACG----AAUGA--UCCCCGG-UA-------CGUGCAGCCUGAAAU---CCGGGGGCG,AAAGUCAGGCCAUGGAAUG---CCAUGCCACGUG---------GACUC---UAAAA--CACGUGCUGCCUGU--------GGGUCAU
GCAGUCAGGCC----UAGAAG-----GCUACC----GAAGAC-CCCCUUCGA--------GGUGCUGCCUGA-----CGGAGGGGGC,CUUGUCAGGCCCCGCAAUC---GCGGGCCACGGA--A------CGGUGGGGG------UCCGUGCAGCCUGUUU---CUCCGUCGUA
AGUGUCAGGCC----ACUCA------GCUACG----G------GGGGGGGCACAC-----UGUGCAGCCUGGAUA--GCCCCCCCAA,AAAGUCAGGCCAGAGUUUU---CUCUGCCACGGU---------UUUGCAU-CUU----GCCGUGCUGCCUGAAA----GUGCGAAUG
UCAGUCAGGCCCUC-CGCGCGC-GAGGCUACC----GCCU---CCACGCGCUGC------GGUGCUGCCUGAAC---GUGCGUGGGG,AAAGUCAGGCCCGAUGUUCG--AUCGGCCACGGG--U------UGUGGCAUU------CCCGUGCUGCCUGGUAU--GUGCCGUGUU
GUAGUCAGGCC----UAGGAGA----GCUACUG----------GCCUGGCGUCACG---CAGUGCUGCCUGCAAG--CGCCAGGCUC,AGUGUCAGGCCUGGGGAUG---CCCAGCCACGAG---------GGUCUCUUA------CUCGUGCAGCCUGUUUU--AGGGGAUUUG
CAAGUCAGGCCGUC-UCAG----GACGCUACG----CUG----GGCGCCGCA--------CGUGCUGCCUG------GCGGCGCUUG,UCAGUCAGGCCG---UCUUA-----CGCCACGGGG--------UCACCAC-C-----CUCCGUGCUGCCUGUAUCA--GUGGUGGUC
UAAGUCAGGCCG---GUCUA-----UGCUACU----UA-----CGCCGUCUACUCU----GGUGCUGCCUGAGGACAAGACGGCGGC,UGUGUCAGGCCCGG-GUAA----CCGGCCACUCG--A------AAACACG-C------CGAGUGCAGCCUGUU-----UGUGUUUAU
CUUGUCAGGCCCC--AAU------GGGCUACU----AGCC---GCCCCCUGUG-------GGUGCAGCCUGCCGCGGCGGGGGGUUC,AAAGUCAGGCCCAGCUAAU---GCUGGCCACUCC---------GUAGGG--CAAAA--GGAGUGCUGCCUGUAAU----CCCUGUAA
GGAGUCAGGCCGUC-AGUGG---GGCGCUACUU---CA-----GCGUCGCGCG------GAGUGCUGCCUG------CGCGAUGCAU,UUUGUCAGGCCCAGGUAAAU--CCUGGCCACGUUG-GA-----GUUGGG--A-----CGACGUGCAGCCUGUUUUUC--CCCAGUAU
CCUGUCAGGCCAU--CAGC-----AUGCCACCC---UGG----CGCGCGG-GGA-----GGGUGCAGCCUGAC-----CCGCGUGUU,CUUGUCAGGCCCGC-UCAUU---GCGGCCACCCCG-C------AAAAGG--AC----CGGGGUGCAGCCUGUUUCCU--CCUUUUUU
GUUGUCAGGCCG---GAACU-----CGCCACU----CAUUA--CCUGCCC-CU-------AGUGCAGCCUG-------GGGCGGGAC,UUUGUCAGGCCCGC-GAUCUA--GCGGCCACCGGG--------UAAGGGG-U-----CCCGGUGCAGCCUGUUUC---CCCCUUGUA
GAAGUCAGGCCGUG-ACGAUGC-CAUGCCACA----GCC----CUGCCCCAUAC------UGUGCUGCCUGAACAUCUGGGGCAGGA,UUUGUCAGGCCCGC-GAGUA---GCGGCCACUCU---------GGUUAGG-G------GGAGUGCAGCCUGUUUUUA-CCUAGUUUU
UCUGUCAGGCCGUA-GAGUCCU-UAUGCCACUG----------GGGCGGCCGUG-----CAGUGCAGCCUG------GGCCGCCCAC,AAAGUCAGGCCCCGGUAAUU--CCGGGCCACGGU--UUCAGA-UUUC----C------GCCGUGCUGCCUGU---------GAAAAG
AUAGUCAGGCC----GAGGCCG----GCCACC----CCGA---UCGGCCCGCA-------GGUGCUGCCUGUUG---CGGGCCGAAA,AAAGUCAGGCCCGGCUUCU---GCCGGCCACUCGG--------GUGGUGU-A-----CCGAGUGCUGCCUGUAAA---ACACCAUAA
AGUGUCAGGCC----ACUAC------GCUACG----CCUUA--CCCGGGGCUC-------CGUGCAGCCUG------GCCCUGGGGA,AAAGUCAGGCCCGGUUAUAU--ACCGGCCACGGAG--------UUGGG---UU----CUUCGUGCUGCCUGUGAAAU---CCUAAAA
GUAGUCAGGCC----GCGUACU----GCUACGG----------CGGGCCCCUAA-----CUGUGCUGCCUGCAAGA-GGGGCCCGAA,UUUGUCAGGCCCGC-GUCA----GCGGCCACGUGC--------UAACAG--U-----GCGCGUGCAGCCUGUUUUC---CUGUUAUU
CUUGUCAGGCC----UGGUUA-----GCUACU----AGA----GGCCGGG-UU-------AGUGCAGCCUGAGUU---CCCGGCUCU,UUUGUCAGGCCCGACGUUA---GUCGGCCACGGGA--------GAAGGCG-A-----UCCCGUGCAGCCUGUUUU---CGCUUUUUA
UAUGUCAGGCCG---GGGUAU----CGCCACG----UAAG---ACCCGGGUCU-------UGUGCAGCCUGA-----ACCCGGGUAG,AAUGUCAGGCCUCGGUUU----CCGAGCCACGG---UU-----UUUGUUCUUUU-----CCGUGCAGCCUGAA----GGGACAGGGG
UCUGUCAGGCCG---UUAUGC----CGCCACC----UU-----GUGCCCC-GUACC----GGUGCAGCCUGCC-----GGGGCGCCA,AAAGUCAGGCCAAC-UAAU----GUUGCCACCGG--U------UUUCUGC-U------CCGGUGCUGCCUGUAAAUC-GCGGAAAUA
GAUGUCAGGCCU---CCCGC-----AGCCACUG---C------CGCGAGGGAUUU----UAGUGCAGCCUGCGG---CCCUCGUGUC,AAAGUCAGGCCCGGGGUAAG--CCCGGCCACGAGG--------GAUUGGUGA-----CCUCGUGCUGCCUGUAAU--CGUCAAUCAA
GUUGUCAGGCCU---ACUAUU----GGCUACA----AAAG---CGCCGUU-CCU------UGUGCAGCCUGA------AGCGGUGGG,AAAGUCAGGCCAGGGAUAAA--CCCUGCCACCCCC--------UUUGGC--CC----GGGGGUGCUGCCUGUAGAAU--GCCAAAAA
ACUGUCAGGCCU---CAAA------AGCCACC----CGCGGC-GCGGGCG-GG-------GGUGCAGCCUGA------CGCCCGCGU,AAUGUCAGGCCACGUGAAAA--ACGUGCCACGCGC--------UAUUUCCCU-----GCGCGUGCAGCCUGUUU---GGGGAAUAAU
CCAGUCAGGCCGG--CAUGU----UCGCUACG----GGAUGG-CUGGGGUCU--------CGUGCUGCCUGCGC---GGCCCCGGAU,UUUGUCAGGCCCGG-GUUA----CCGGCCACGGUU--------GAAAGCA-A-----AACCGUGCAGCCUGUUUUUU-UGCUUUUUU
GUAGUCAGGCCAGU-CUAUAA--GCUGCUACU----G------GGGGGGG-UCGG-----GGUGCUGCCUGCAU----CCCCCCCUC,UUUGUCAGGCCCGGGGAGA---CCCGGCCACGGU--AG-----AAAUGG--A------GCCGUGCAGCCUGUU------UUGUUUUG
CAUGUCAGGCCGA--AGUCA----UCGCCACU----UU-----CCCGGGUGCCA------GGUGCAGCCUGGUACAACGUUCGGGGG,CUUGUCAGGCCCAUCUCCG---GAUGGCCACACC--A------AUGGGG--C------GGUGUGCAGCCUGUUUUUU--CCUUAUCC
AAAGUCAGGCCG---CCUCC-----UGCUACC----AGUAGC-GCUCGCGGU--------GGUGCUGCCUG------CCGCGAGCAC,UAAGUCAGGCCACUCAAAA---GAGUGCCACGU---AC-----UUUCC---CCU-----ACGUGCUGCCUGU--------GGAAAUA
CGUGUCAGGCC----UGAGA------GCCACG-----------GGGUCGG-AGGGC----CGUGCAGCCUGGCG----CCGACUCUG,AAAGUCAGGCCACC-AAAUUC--GGUGCCACGAGU--------UUUCUCG-CU----GCUCGUGCUGCCUGUGAAAC-CGAGAAAUA
GGUGUCAGGCC----AGGGGCC----GCCACUG---G------GGGCCCCGGCGA----UAGUGCAGCCUG------CGGGGCCCCU,UUUGUCAGGCCACUCUUUU---GAGUGCCACCGCC--------UAAGGUCGU-----GGCGGUGCAGCCUGUUUU--UGACUUUAUU
GCAGUCAGGCC----UCCGU------GCCACU----GACGAA-CGGCUCCGG--------AGUGCUGCCUGA-----CGGAGCCGUU,UUUGUCAGGCCCAC-AUUA----GUGGCCACCCGC-C------CGACG---C-----GUGGGUGCAGCCUGUUUU-----CGUCGUU
CGAGUCAGGCCAAG-ACCCAU--UUUGCCACU----AUGU---GGAUGGCCA--------GGUGCUGCCUGA-----GGCCGUCCUA,UAAGUCAGGCCACGUUAUU---ACGUGCCACGGU---------GAACCC--UAAA---ACCGUGCUGCCUGU-------GGGUUUUU
GGUGUCAGGCC----CCGAAC-----GCUACG----GAUCA--GCGCGCU-GA-------CGUGCAGCCUGUG-----GGCGCGCUA,UUUGUCAGGCCCGC-UUGU----GCGGCCACGUGC--------UAACAG--U-----GCGCGUGCAGCCUGUUUU----CUGUUAUU
CCUGUCAGGCCGGUUGAAUU--AACCGCCACG----A------GCGGGGGGGGGGA----CGUGCAGCCUGGA----CUCCCUGCCU,UUUGUCAGGCCCUCGACCCC--CGAGGCCACCCUU--------GAGC----UA----AAGGGUGCAGCCUGUUUUUU----GUUCUU
GCAGUCAGGCCGU--CGUAGA---AUGCCACG----CC-----CCGCUCUGGUAU-----UGUGCUGCCUGGGGU--CGGAGCGGCA,AUUGUCAGGCCCGAUGAUCG--AUCGGCCACCGU---------GGUGCAGGGAG----ACGGUGCAGCCUGAA----CUUGCGUUAA
CAUGUCAGGCCC---GAG-------GGCCACAG---UG-----GGCGCG--UUG-----UUGUGCAGCCUGCAACA---CGCGCCCA,UUUGUCAGGCCCUC-GUUA----GAGGCCACGGU---------GAGGGGAGA------ACCGUGCAGCCUG------UUUCCUUUGU
CGAGUCAGGCCU---GCA-------AGCCACA----CGCU---CGGCUGG-UC-------UGUGCUGCCUGAG-----CCGGUCGGU,AAAGUCAGGCCAGGGACCC---CCCUGCCACGG---A------AAUCGA--AAA-----CCGUGCUGCCUGUGAA----UCGAUUAU
AAUGUCAGGCC----UUGACGU----GCUACG----GUACGA-GACGCGGGU--------CGUGCAGCCUGCCAAG-CCUGCGUCAA,AAAGUCAGGCCAUCGAAAUC--CGAUGCCACUGGA-GAC----CCA-----AU----UCUAGUGCUGCCUG-----------UGGAA
CGUGUCAGGCC----GAGUCGU----GCUACG-----------CGGGGCGCUGCU-----CGUGCAGCCUGU-----GCGCCCCGGA,UAUGUCAGGCCUCGCGAAAA--GUGAGCCACCACA--------GGGGCGG-A-----UGUGGUGCAGCCUGUUUC---CCGCUUUCA
CCUGUCAGGCC----GGACUGU----GCCACU----CACG---GACGCCGUUAU------GGUGCAGCCUGCUCGA-GCGGCGUCAC,AAAGUCAGGCCCAUAUAAU---UAUGGCCACGU---GAAC---UCGC----CGC-----ACGUGCUGCCUGU---------GUGAAA
CAUGUCAGGCC----GAUCU------GCUACG----AUCA---GUCCCCUGC--------CGUGCAGCCUGGCAA--CGGGGGGUUU,UAUGUCAGGCCCCACUUAU---GUGGGCCACGGUA--------GGUCGG--A-----UGCCGUGCAGCCUGUUUC----CCGAUUUU
CGAGUCAGGCCG---CGG-------UGCCACAU----------GCCCCGGCUC------GUGUGCUGCCUGUUUCU-GCCGGGGCUA,UAUGUCAGGCCCAUGUUCAU--CAUGGCCACGAC---------AAUCUG--AC-----GUCGUGCAGCCUGUUUC----CGGAUUUU
GAAGUCAGGCCGUG-ACACG---UACGCUACGC---GU-----ACUCUCC-C-------GUGUGCUGCCUGU------GGGGGGUAA,AAAGUCAGGCCCAUGGAAA---CGUGGCCACCC---AAU----AUACG---AA------GGGUGCUGCCUGUGAAAA---CGUAUUA
UAUGUCAGGCCUUG-GGACAU--UAAGCCACC----C------GCACUGCGUUU------GGUGCAGCCUGCUUUA-CGUGGUGCGU,CCAGUCAGGCCGACCAAGA---GGUCGCCACUCC--AU-----UUGUUGGCC------GGAGUGCUGCCUGAGAAC-GUCGACAACC
AAAGUCAGGCCAGG-CUACGGU-CCUGCCACG----UGGC---CCCGCCC-AAC------UGUGCUGCCUGUAC----GGGCGGGCG,CUUGUCAGGCCCGGCGUAA---GUCGGCCACCCC---------GAAAG---UAA----GGGGUGCAGCCUGUUUC-----CUUUUUU
UUAGUCAGGCCG---GAGUCG----UGCUACG----GA-----CCGGCCGGGGAA-----CGUGCUGCCUGUGU---CCGGCCGGAA,UUUGUCAGGCCCGACGUUCA--GUUGGCCACUCC---------AAAGC---AUGC---GGAGUGCAGCCUGUUUUC----GCUUUUU
UGUGUCAGGCCGAA-CUAG----UUCGCCACUG---CAAA---GGCGGG--GG------UAGUGCAGCCUGGC------CCCGCCGC,UUUGUCAGGCCCGUCUCUAU--GGCGGCCACGGU--UCC----AAAGCA--U------ACCGUGCAGCCUG--------UGUUUUUU
GAAGUCAGGCCG---GGUC------CGCUACU-----------GGUGGGGCACAC-----AGUGCUGCCUGUGCA--GCCCCGCCGU,UUUGUCAGGCCCAUCCCAG---GAUGGCCACCGCU--------UAAGG---CAGU--AGCGGUGCAGCCUGUUUU-----CCUUAUU
UAAGUCAGGCC----CAGGUCC----GCCACG----CGGC---CGGGGGACCGA------UGUGCUGCCUGGAAU--GUCCCCCGCG,UUUGUCAGGCCCUACUUUA---GUAGGCCACAAU--U------GAUG----CCAAA--GUUGUGCAGCCUGUUUU------CAUCUU
GCAGUCAGGCCG---AGUGACU---UGCUACG-----------GGCCGCCGAUAUU----UGUGCUGCCUGGCUG--CGGCGGCCGG,AAAGUCAGGCCCCGCGAAA---GCGGGCCACGUC---------UUUCUUC-U------GACGUGCUGCCUGU------GGAGAAAAG
UUAGUCAGGCC----CUUUU------GCCACU-----------UCGCCCCGAUAGG----AGUGCUGCCUGAUG---CGGGGCGGUA,AUUGUCAGGCCCACCCUCG---GGUGGCCACGGGU--------GUUCCG--UA----AUCCGUGCAGCCUGUUUUC---CGGAAUUU
AAAGUCAGGCCC---GUUGAC----GGCUACU----CGCG---CCCGCGCCG--------GGUGCUGCCUGUA----GGCGCGGGUU,UUUGUCAGGCCCGUGAGUC---CGCGGCCACCC----------GGUGUUU-UGA-----GGGUGCAGCCUGUUUUUU-GAACGUUUU
UUUGUCAGGCCUCU-UCUGG---AGAGCCACA----UA-----GGGGGGCUUUCU-----UGUGCAGCCUGAGU---GGCCCCCCCU,CAAGUCAGGCCCCA-AAAAAGC-UGGGCCACGUGC--------GGAGCGUGA-----GCACGUGCUGCCUGAAAAAACACGUUCUAA
UAAGUCAGGCC----CCGUGC-----GCCACU----U------GGCGGCAGAAGC-----GGUGCUGCCUGACU---CUGCCGCCCC,CAUGUCAGGCCCAC-GUUA----GUGGCCACGGG--UA-----AAUCGCG-U------CCCGUGCAGCCUGUUUUC--CGCGAUUCA
CAUGUCAGGCCAACUCGU----AGUUGCUACG----UC-----UGGUGUACCGGCU----CGUGCAGCCUGCUGGGAGUGCGCCGAC,UUUGUCAGGCCCGCCUUCU---GGUGGCCACUCA--G------UGUCGG--A------UGAGUGCAGCCUGUGUUC---CCGGUAAA
AGUGUCAGGCCGC--UAGA-----GUGCCACUG----------CCGGGGGCUCAUA---CGGUGCAGCCUGUCCUUUGCCUCCGGAU,AAAGUCAGGCCCCUGUCC----CAGGGCCACGGU--A------AUUGUG--UUCU---ACCGUGCUGCCUGUUCC----CACAAUCA
CAAGUCAGGCCA---GUUUGAG---UGCCACG----CAU----CCCGCGG-CG-------CGUGCUGCCUGGUUC---CCGCGGGAU,UUUGUCAGGCCCCUCAGUUC--GAGGGCCACCGAG--------GGAGCG--UA----CUUGGUGCAGCCUGUUUUU---CGCUUUAU
UAUGUCAGGCCGC--CGGCCUA--GUGCUACGU----------GGGCGGGGGUUG----ACGUGCAGCCUGGCUCUACCUUGCCCAU,UUUGUCAGGCCCGACGUAA---GUCGGCCACCCC--UC-----AAAG----CAACU--GGGGUGCAGCCUGUUUC------CUUUCU
UGAGUCAGGCCU---AGGGG-----AGCCACG-----------UGGGGGGGGGAA-----CGUGCUGCCUGUGUGG-CCUCCCCGCC,AAAGUCAGGCCAGG-UCCU----CCUGCCACGAGU--------UUGUGUG-UU----GCUCGUGCUGCCUGUGAAAA-UGCGUAAAA
CAUGUCAGGCCGG--CGGGU----CCGCCACAG---A------GGCGGCGGCCA-----UUGUGCAGCCUGUCUA--CUGCCGCUAC,UUAGUCAGGCCCCAGGAUG---CUGGGCCACGGA--UG-----AAACGCG-AU-----UCCGUGCUGCCUGA------CGCGUUUAG
CGAGUCAGGCCUA--GCAAC----UAGCCACAGG--GG-----CGCGACCCG------CCUGUGCUGCCUGG-----GGGUCGCGUA,UUUGUCAGGCCCCACGCAUA--GUGGGCCACUAC---------GAACG---UAA----GUAGUGCAGCCUGUUUCC----CGUUUUU
GUAGUCAGGCC----UUCCACC----GCCACG----C------GGUCUACGCGGAA----UGUGCUGCCUG------CGUGGACCGG,UCAGUCAGGCCGUU-CAAG----GACGCCACAUC--AA-----UGCGGACCA------GAUGUGCUGCCUG------GGUUCGCACU
GUAGUCAGGCCUG--GCAUGGA--UAGCCACU----AGAGCGUGCCGCCC-A--------AGUGCUGCCUGGCCC---GGGCGGCAG,UUUGUCAGGCCCCUCGUCCG--GAGGGCCACCGC--A------AAGGAC--C------GCGGUGCAGCCUGUUUCU---GUCUUUUU
GCAGUCAGGCCUGCUCGGG---AGUGGCUACU----AAG----GUCGCCGGGC-------GGUGCUGCCUGCC----CCGGCGGCGU,UAUGUCAGGCCUGA-GUUUCG--UCAGCCACU----CACCAA-AUAAG---AUCG-----AGUGCAGCCUGUUCC-----CUUGUGU
AUAGUCAGGCC----ACACGGU----GCUACG----GCC----GCGGGCCCGCG------UGUGCUGCCUGAUCUC-GGGCUCGCAA,AUAGUCAGGCCAUC-AAAU----GAUGCCACGUGU--------AAAGUG--AG----GCGCGUGCUGCCUGUGGAA---CGCUUUUU
UAAGUCAGGCC----GAUAGAC----GCUACGU---AC-----GGGGCGGGUUA-----ACGUGCUGCCUGCUCGCGCCCGCCCCGC,GAAGUCAGGCCUCG-GAAA----CGAGCCACCAGG--------UUUCCUCGU-----CCUGGUGCUGCCUGAAAAAGUGGGGAAAAA
GCAGUCAGGCC----GAGGCC-----GCCACU----C------CCGGUACGUGAA-----GGUGCUGCCUGCGGUG-CGUACCGGAG,CCUGUCAGGCCUCC-UAAU----GGAGCCACUCC--A------AAAUUGG-C------GGAGUGCAGCCUGUUU----CUAAUUUUC
CGUGUCAGGCCGA--CCUUG----UUGCCACG----UU-----GCGGUCCGAGC------UGUGCAGCCUGGU----CGGGCCGCAG,UUAGUCAGGCCACGCUGAGU--GCGUGCCACGG----------UGUGGGG-UGA-----CCGUGCUGCCUGU------UCCCAUGUG
UCUGUCAGGCCC---UUAGUCU---GGCUACC----GC-----CGCGGGCGUGAC-----GGUGCAGCCUGACGGGUCGCCCGCGUG,UUUGUCAGGCCCGGCUAGAU--GCCGGCCACGUU---------GAGGU---AGG----AACGUGCAGCCUGU--------GUUUUUU
GUAGUCAGGCCGGUGCUCC---UAUCGCUACU----G------GGCGGGGCCUCAA----GGUGCUGCCUG------GUCCCGCCUG,CAAGUCAGGCCAGGGAAUU---CCCUGCCACUCA---------GGUGUGAUGGA----UGAGUGCUGCCUGUAA---AUCGCGUUAA
CCUGUCAGGCCGGG-UCCUU---UCUGCUACCA---UCU----GGGCGGUCC-------UGGUGCAGCCUGAAC---GGCCGCCCGA,UUUGUCAGGCCGGUCAAAG---GACCGCCACUGC--C------GGAUGA--GG-----GUAGUGCAGCCUGUUUU----UCGUUCUU
CCUGUCAGGCC----UCCAUCC----GCCACUCC---------CGGCCGCCGGG----GGGGUGCAGCCUGUG----GGUGGCCGGG,UUUGUCAGGCCCAC-GAUUUGA-GUGGCCACCGUGU-------GUAGC---UG---GCAUGGUGCAGCCUGUUCUCC---GCUAUUU
GUUGUCAGGCCGUC-UGGCCGG-GGCGCUACU----GGCGAU-CCGUCACAA--------AGUGCAGCCUGG-----UGUGGUGGUU,UUUGUCAGGCCCGC-GAUAUAA-GCGGCCACGUU---------AAAG----ACCC---GACGUGCAGCCUGUUUUC-----CUUUUU
